"Geolocation","Commodity","2014 January","2014 February","2014 March","2014 April","2014 May","2014 June","2014 July","2014 August","2014 September","2014 October","2014 November","2014 December","2014 Annual","2015 January","2015 February","2015 March","2015 April","2015 May","2015 June","2015 July","2015 August","2015 September","2015 October","2015 November","2015 December","2015 Annual","2016 January","2016 February","2016 March","2016 April","2016 May","2016 June","2016 July","2016 August","2016 September","2016 October","2016 November","2016 December","2016 Annual","2017 January","2017 February","2017 March","2017 April","2017 May","2017 June","2017 July","2017 August","2017 September","2017 October","2017 November","2017 December","2017 Annual","2018 January","2018 February","2018 March","2018 April","2018 May","2018 June","2018 July","2018 August","2018 September","2018 October","2018 November","2018 December","2018 Annual","2019 January","2019 February","2019 March","2019 April","2019 May","2019 June","2019 July","2019 August","2019 September","2019 October","2019 November","2019 December","2019 Annual","2020 January","2020 February","2020 March","2020 April","2020 May","2020 June","2020 July","2020 August","2020 September","2020 October","2020 November","2020 December","2020 Annual","2021 January","2021 February","2021 March","2021 April","2021 May","2021 June","2021 July","2021 August","2021 September","2021 October","2021 November","2021 December","2021 Annual","2022 January","2022 February","2022 March","2022 April","2022 May","2022 June","2022 July","2022 August","2022 September","2022 October","2022 November","2022 December","2022 Annual","2023 January","2023 February","2023 March","2023 April","2023 May","2023 June","2023 July","2023 August","2023 September","2023 October","2023 November","2023 December","2023 Annual","2024 January","2024 February","2024 March","2024 April","2024 May","2024 June","2024 July","2024 August","2024 September","2024 October","2024 November","2024 December","2024 Annual"
"PHILIPPINES","Palay [Paddy] Fancy, dry (conv. to 14% mc)",..,22.60,20.02,20.74,..,..,23.21,22.01,20.77,20.50,14.97,16.51,20.15,16.37,19.18,16.77,17.22,18.14,19.59,21.33,19.25,19.38,16.32,15.74,16.02,17.94,18.71,17.87,17.46,18.86,19.68,..,21.64,19.79,17.66,15.62,18.91,20.97,18.83,18.43,23.28,22.23,21.99,21.77,..,19.48,20.46,19.87,17.74,..,..,20.58,22.60,23.63,23.65,24.40,..,..,23.03,22.65,22.55,24.34,28.90,28.00,24.38,21.30,25.53,25.12,24.14,23.48,23.67,18.38,18.96,18.92,16.25,18.59,20.66,21.25,19.52,18.53,17.63,18.17,19.10,20.59,20.73,17.91,18.50,18.44,17.43,19.68,18.85,21.01,21.03,22.42,23.11,23.80,23.75,20.27,17.29,16.18,15.85,18.69,18.66,20.17,19.13,18.59,17.21,18.31,17.20,17.98,17.98,18.97,17.63,19.32,19.40,20.77,18.54,19.23,19.38,20.15,21.25,21.32,22.66,22.08,22.71,21.81,22.15,22.85,24.87,21.71,28.66,28.29,..,..,..,..,..,..,..,..,..,..,..
"PHILIPPINES","Palay [Paddy] Other Variety, dry (conv. to 14% mc)",17.88,18.49,19.02,19.83,20.12,20.44,20.72,20.66,20.06,19.02,18.86,18.40,19.46,17.65,17.37,17.55,17.64,17.45,17.54,17.89,18.02,17.95,17.16,17.18,17.20,17.55,17.20,17.56,17.71,17.96,18.09,18.28,18.57,18.40,18.21,16.71,16.96,17.48,17.76,17.72,17.73,17.82,18.23,18.53,18.83,18.57,18.49,18.13,17.35,17.60,17.90,18.08,18.71,19.41,20.12,20.31,20.20,19.97,20.49,21.79,21.73,19.59,19.11,19.28,20.06,19.09,19.11,18.09,18.13,17.77,17.61,17.10,15.97,15.41,15.03,14.78,15.26,16.95,15.74,15.82,17.05,18.49,18.81,18.32,18.02,17.39,15.67,14.81,15.03,15.94,16.76,16.40,16.81,17.10,17.07,16.97,17.18,17.34,17.23,16.18,15.78,16.35,16.65,16.76,17.15,17.71,17.43,17.23,17.24,17.58,17.85,17.61,17.06,17.44,17.35,17.68,17.44,17.74,18.19,18.57,18.79,19.06,19.23,19.44,22.16,19.91,20.60,21.95,22.89,19.88,24.92,25.21,..,..,..,..,..,..,..,..,..,..,..
"PHILIPPINES","Corngrain [Maize] White, matured",14.81,14.83,14.90,15.32,15.74,15.22,14.18,13.00,12.79,13.23,12.44,12.33,14.07,11.70,11.92,13.75,14.37,14.69,15.07,15.04,13.11,12.49,11.73,12.33,12.76,13.25,13.40,13.48,13.96,14.16,14.75,15.05,13.95,12.51,11.97,10.43,11.35,10.96,13.00,11.13,12.39,12.11,12.37,12.67,12.94,13.17,12.77,14.09,14.12,15.54,14.49,13.15,16.01,15.13,15.78,15.95,16.51,15.72,15.09,15.36,13.68,13.43,12.73,14.22,14.97,15.46,15.41,15.66,15.16,14.55,14.84,14.80,14.58,14.19,11.48,10.72,13.58,14.20,13.07,13.44,14.52,13.19,13.51,13.52,12.99,13.35,12.55,10.73,11.22,13.28,12.95,13.00,14.43,14.11,13.56,13.91,14.95,16.08,16.65,16.35,14.42,14.70,15.06,14.77,16.14,16.39,17.55,17.45,17.91,17.88,18.22,19.62,18.23,17.67,18.18,18.15,17.78,23.23,25.49,24.00,21.41,21.82,22.92,20.79,24.20,21.85,20.39,21.58,21.78,22.46,..,..,..,..,..,..,..,..,..,..,..,..,..
"PHILIPPINES","Corngrain [Maize] Yellow, matured",12.05,12.06,12.45,12.87,12.98,13.65,12.78,12.63,13.10,12.83,12.63,12.49,12.71,11.98,12.19,12.33,12.71,12.73,12.88,12.35,11.88,11.98,11.56,11.55,11.88,12.17,11.99,12.34,12.59,12.59,12.82,12.72,12.33,11.33,11.52,10.82,10.99,11.14,11.93,10.82,12.00,11.23,11.47,11.38,11.11,11.08,11.13,11.07,11.11,11.79,11.02,11.27,12.56,13.30,14.05,13.57,13.66,13.74,13.45,13.65,14.19,14.02,13.99,14.43,13.72,14.00,13.44,13.40,13.90,13.94,13.18,13.53,12.97,12.63,11.75,11.25,12.05,13.00,12.02,12.60,12.07,12.01,12.41,12.94,12.40,12.95,11.44,11.61,11.95,12.06,12.21,12.20,12.67,12.55,12.87,13.41,13.68,13.84,14.33,15.48,15.39,15.87,15.43,13.98,15.95,16.05,16.32,17.18,17.12,17.46,16.83,17.84,17.73,18.01,18.21,18.55,17.27,18.79,18.95,18.69,18.07,17.76,17.82,18.87,17.24,16.71,16.74,17.52,17.49,17.89,..,..,..,..,..,..,..,..,..,..,..,..,..
"PHILIPPINES","Green Corn (Maize, green), White",16.87,16.98,16.79,17.00,17.18,15.86,17.50,17.08,17.80,16.80,17.64,17.97,17.12,16.95,17.01,16.92,16.83,16.11,16.75,17.15,16.65,16.93,17.49,18.10,17.51,17.03,18.38,16.35,17.00,17.20,19.00,19.46,18.83,16.68,16.44,19.00,19.43,17.53,17.94,17.92,17.70,18.41,17.96,18.58,18.67,18.51,17.21,19.09,18.53,19.75,20.91,18.60,16.46,18.06,18.05,18.36,18.89,19.35,18.81,19.13,19.55,21.58,21.43,18.97,19.05,19.68,17.49,19.30,21.27,21.46,18.93,17.78,20.03,19.19,21.63,21.20,19.52,19.79,20.89,20.21,22.79,22.78,22.80,21.74,20.36,20.37,22.05,23.91,25.32,25.29,22.38,22.84,22.27,23.02,21.55,24.68,21.27,21.53,22.69,21.57,23.46,22.89,21.41,22.43,24.46,24.77,25.56,24.30,23.33,25.17,26.14,24.13,27.32,27.24,30.07,28.98,25.96,33.77,34.38,31.69,33.36,34.16,30.25,29.55,28.77,28.01,27.35,29.15,31.40,30.99,..,..,..,..,..,..,..,..,..,..,..,..,..
"PHILIPPINES","Green Corn (Maize, green), Yellow",27.53,23.95,13.04,12.19,12.18,21.72,27.33,28.13,28.02,..,27.02,32.12,23.02,26.24,28.13,27.45,22.86,18.33,18.42,22.55,26.70,26.20,26.65,24.82,24.82,24.43,38.25,17.45,17.73,32.59,33.08,19.46,50.59,100.00,62.22,71.83,48.21,77.94,47.45,31.31,13.52,..,..,15.98,..,13.28,65.53,77.94,61.25,..,73.27,44.01,20.82,13.38,13.96,25.65,25.65,29.07,61.72,33.24,51.98,87.50,50.00,50.68,38.64,..,39.13,..,23.63,47.43,66.48,96.88,50.00,44.89,43.98,41.34,46.84,50.06,70.00,40.00,15.00,15.00,20.00,50.00,30.00,20.00,15.00,40.00,100.00,80.00,41.25,41.14,50.00,50.00,50.00,50.00,60.00,30.00,25.45,60.00,50.00,50.00,100.00,51.38,14.69,13.08,19.24,18.35,17.62,18.93,23.71,23.35,23.80,21.61,21.23,21.54,19.76,21.60,..,..,..,..,18.00,16.55,18.76,19.05,18.75,18.82,20.48,19.00,..,..,..,..,..,..,..,..,..,..,..,..,..
"..National Capital Region (NCR)","Palay [Paddy] Fancy, dry (conv. to 14% mc)",..,..,..,..,..,..,..,..,..,..,..,..,..,..,..,..,..,..,..,..,..,..,..,..,..,..,..,..,..,..,..,..,..,..,..,..,..,..,..,..,..,..,..,..,..,..,..,..,..,..,..,..,..,..,..,..,..,..,..,..,..,..,..,..,..,..,..,..,..,..,..,..,..,..,..,..,..,..,..,..,..,..,..,..,..,..,..,..,..,..,..,..,..,..,..,..,..,..,..,..,..,..,..,..,..,..,..,..,..,..,..,..,..,..,..,..,..,..,..,..,..,..,..,..,..,..,..,..,..,..,..,..,..,..,..,..,..,..,..,..,..,..,..
"..National Capital Region (NCR)","Palay [Paddy] Other Variety, dry (conv. to 14% mc)",..,..,..,..,..,..,..,..,..,..,..,..,..,..,..,..,..,..,..,..,..,..,..,..,..,..,..,..,..,..,..,..,..,..,..,..,..,..,..,..,..,..,..,..,..,..,..,..,..,..,..,..,..,..,..,..,..,..,..,..,..,..,..,..,..,..,..,..,..,..,..,..,..,..,..,..,..,..,..,..,..,..,..,..,..,..,..,..,..,..,..,..,..,..,..,..,..,..,..,..,..,..,..,..,..,..,..,..,..,..,..,..,..,..,..,..,..,..,..,..,..,..,..,..,..,..,..,..,..,..,..,..,..,..,..,..,..,..,..,..,..,..,..
"..National Capital Region (NCR)","Corngrain [Maize] White, matured",..,..,..,..,..,..,..,..,..,..,..,..,..,..,..,..,..,..,..,..,..,..,..,..,..,..,..,..,..,..,..,..,..,..,..,..,..,..,..,..,..,..,..,..,..,..,..,..,..,..,..,..,..,..,..,..,..,..,..,..,..,..,..,..,..,..,..,..,..,..,..,..,..,..,..,..,..,..,..,..,..,..,..,..,..,..,..,..,..,..,..,..,..,..,..,..,..,..,..,..,..,..,..,..,..,..,..,..,..,..,..,..,..,..,..,..,..,..,..,..,..,..,..,..,..,..,..,..,..,..,..,..,..,..,..,..,..,..,..,..,..,..,..
"..National Capital Region (NCR)","Corngrain [Maize] Yellow, matured",..,..,..,..,..,..,..,..,..,..,..,..,..,..,..,..,..,..,..,..,..,..,..,..,..,..,..,..,..,..,..,..,..,..,..,..,..,..,..,..,..,..,..,..,..,..,..,..,..,..,..,..,..,..,..,..,..,..,..,..,..,..,..,..,..,..,..,..,..,..,..,..,..,..,..,..,..,..,..,..,..,..,..,..,..,..,..,..,..,..,..,..,..,..,..,..,..,..,..,..,..,..,..,..,..,..,..,..,..,..,..,..,..,..,..,..,..,..,..,..,..,..,..,..,..,..,..,..,..,..,..,..,..,..,..,..,..,..,..,..,..,..,..
"..National Capital Region (NCR)","Green Corn (Maize, green), White",..,..,..,..,..,..,..,..,..,..,..,..,..,..,..,..,..,..,..,..,..,..,..,..,..,..,..,..,..,..,..,..,..,..,..,..,..,..,..,..,..,..,..,..,..,..,..,..,..,..,..,..,..,..,..,..,..,..,..,..,..,..,..,..,..,..,..,..,..,..,..,..,..,..,..,..,..,..,..,..,..,..,..,..,..,..,..,..,..,..,..,..,..,..,..,..,..,..,..,..,..,..,..,..,..,..,..,..,..,..,..,..,..,..,..,..,..,..,..,..,..,..,..,..,..,..,..,..,..,..,..,..,..,..,..,..,..,..,..,..,..,..,..
"..National Capital Region (NCR)","Green Corn (Maize, green), Yellow",..,..,..,..,..,..,..,..,..,..,..,..,..,..,..,..,..,..,..,..,..,..,..,..,..,..,..,..,..,..,..,..,..,..,..,..,..,..,..,..,..,..,..,..,..,..,..,..,..,..,..,..,..,..,..,..,..,..,..,..,..,..,..,..,..,..,..,..,..,..,..,..,..,..,..,..,..,..,..,..,..,..,..,..,..,..,..,..,..,..,..,..,..,..,..,..,..,..,..,..,..,..,..,..,..,..,..,..,..,..,..,..,..,..,..,..,..,..,..,..,..,..,..,..,..,..,..,..,..,..,..,..,..,..,..,..,..,..,..,..,..,..,..
"..Cordillera Administrative Region (CAR)","Palay [Paddy] Fancy, dry (conv. to 14% mc)",..,..,..,..,..,..,..,..,..,..,..,..,..,..,..,..,..,..,..,..,..,..,..,..,..,..,..,..,..,..,..,..,..,..,..,..,..,..,..,..,..,..,..,..,..,..,..,..,..,..,..,..,..,..,..,..,..,..,..,..,..,..,..,..,..,..,..,..,..,..,..,..,..,..,..,..,..,..,..,..,..,..,..,..,..,..,..,..,..,..,..,..,..,..,..,..,..,..,..,..,..,..,..,..,..,..,..,..,..,..,..,..,..,..,..,..,..,..,..,..,..,..,..,..,..,..,..,..,..,..,..,..,..,..,..,..,..,..,..,..,..,..,..
"..Cordillera Administrative Region (CAR)","Palay [Paddy] Other Variety, dry (conv. to 14% mc)",18.27,18.99,19.79,21.33,20.93,22.33,23.48,22.49,22.65,21.69,20.92,18.39,20.94,18.26,17.53,18.19,17.56,17.05,17.07,17.39,20.26,18.85,18.13,18.34,17.21,17.99,18.20,19.46,16.94,16.96,17.33,17.26,17.25,17.06,17.72,17.12,17.01,18.04,17.53,17.98,17.12,17.85,18.93,18.76,18.95,19.09,18.67,18.62,17.19,17.69,18.14,18.25,17.94,20.22,19.55,20.57,20.92,20.40,22.55,22.80,21.73,19.20,20.26,19.38,20.46,19.44,19.19,17.79,18.22,17.32,16.12,19.85,15.79,16.05,15.34,15.27,13.77,17.01,15.91,16.40,17.25,18.26,18.44,17.69,18.46,18.59,16.86,16.48,16.26,16.19,17.23,16.57,17.79,17.48,17.75,17.76,18.08,19.19,19.29,16.13,16.82,17.48,17.90,17.69,17.68,17.91,17.11,17.73,17.73,17.32,18.64,19.45,17.09,17.66,17.42,18.04,17.82,17.98,17.08,18.87,18.38,18.65,19.41,18.90,19.48,21.56,21.48,23.27,23.29,19.86,24.64,26.00,..,..,..,..,..,..,..,..,..,..,..
"..Cordillera Administrative Region (CAR)","Corngrain [Maize] White, matured",..,18.32,18.30,..,..,..,..,11.65,11.15,14.41,..,..,14.77,..,6.90,9.40,..,..,..,..,9.48,9.49,7.29,..,..,8.51,..,12.44,10.59,..,..,..,..,7.99,13.17,..,..,..,11.05,..,11.58,10.89,..,..,..,..,8.20,12.92,..,..,..,10.90,..,11.50,19.60,..,..,..,..,20.74,16.21,..,..,..,17.01,..,18.38,16.51,..,..,..,..,18.99,24.37,..,..,..,19.56,..,24.50,17.05,..,..,..,..,17.81,13.79,..,..,..,18.29,..,24.22,21.12,..,..,..,..,22.94,17.55,..,..,..,21.46,..,13.96,26.25,..,..,..,..,19.53,20.45,..,..,..,20.05,..,55.80,46.02,..,..,..,..,61.63,40.00,..,..,..,50.86,..,..,..,..,..,..,..,..,..,..,..,..,..
"..Cordillera Administrative Region (CAR)","Corngrain [Maize] Yellow, matured",..,11.98,11.51,11.66,12.42,..,..,13.27,13.46,13.09,12.26,..,12.46,..,13.80,12.27,12.26,12.02,12.83,..,12.65,12.42,12.34,12.13,..,12.52,12.74,12.45,12.31,12.50,12.57,11.51,11.75,12.58,11.96,11.53,10.37,..,12.02,..,11.84,11.70,11.63,11.23,11.30,9.18,11.31,10.58,9.62,10.46,8.03,10.63,..,11.53,13.06,12.89,13.21,13.03,14.05,15.97,16.66,13.25,13.23,14.36,13.75,..,13.52,13.35,13.96,12.96,11.65,..,12.68,12.05,10.33,11.00,10.53,12.20,..,12.77,11.37,11.17,11.30,11.85,10.22,..,10.63,10.96,11.26,10.73,11.23,..,12.51,12.01,11.97,12.86,13.45,14.63,16.57,16.76,15.43,17.16,19.51,14.81,19.06,15.82,16.58,17.34,17.88,18.39,15.67,19.02,17.16,17.54,17.46,19.03,17.58,18.00,22.13,20.13,16.62,18.28,17.05,19.08,17.29,16.03,16.68,16.97,17.58,17.99,..,..,..,..,..,..,..,..,..,..,..,..,..
"..Cordillera Administrative Region (CAR)","Green Corn (Maize, green), White",..,..,..,..,..,..,..,..,..,..,..,..,..,..,..,..,..,..,..,..,..,..,..,..,..,..,..,..,..,..,..,..,..,..,..,..,..,..,..,..,..,..,..,..,..,..,..,..,..,..,..,..,..,..,..,..,..,..,..,..,..,..,..,..,..,..,..,..,..,..,..,..,..,..,..,..,..,..,..,..,..,..,..,..,..,..,..,..,..,..,..,..,..,..,..,..,..,..,..,..,..,..,..,..,..,..,..,..,..,..,..,..,..,..,..,..,..,..,..,..,..,..,..,..,..,..,..,..,..,..,..,..,..,..,..,..,..,..,..,..,..,..,..
"..Cordillera Administrative Region (CAR)","Green Corn (Maize, green), Yellow",..,..,..,..,..,..,..,..,..,..,..,..,..,..,..,..,..,..,..,..,..,..,..,..,..,..,..,..,..,..,..,..,..,..,..,..,..,..,..,..,..,..,..,..,..,..,..,..,..,..,..,..,..,..,..,..,..,..,..,..,..,..,..,..,..,..,..,..,..,..,..,..,..,..,..,..,..,..,..,..,..,..,..,..,..,..,..,..,..,..,..,..,..,..,..,..,..,..,..,..,..,..,..,..,..,..,..,..,..,..,..,..,..,..,..,..,..,..,..,..,..,..,..,..,..,..,..,..,..,..,..,..,..,..,..,..,..,..,..,..,..,..,..
"....Abra","Palay [Paddy] Fancy, dry (conv. to 14% mc)",..,..,..,..,..,..,..,..,..,..,..,..,..,..,..,..,..,..,..,..,..,..,..,..,..,..,..,..,..,..,..,..,..,..,..,..,..,..,..,..,..,..,..,..,..,..,..,..,..,..,..,..,..,..,..,..,..,..,..,..,..,..,..,..,..,..,..,..,..,..,..,..,..,..,..,..,..,..,..,..,..,..,..,..,..,..,..,..,..,..,..,..,..,..,..,..,..,..,..,..,..,..,..,..,..,..,..,..,..,..,..,..,..,..,..,..,..,..,..,..,..,..,..,..,..,..,..,..,..,..,..,..,..,..,..,..,..,..,..,..,..,..,..
"....Abra","Palay [Paddy] Other Variety, dry (conv. to 14% mc)",18.06,18.32,18.41,20.23,20.14,22.05,23.48,22.49,22.62,20.28,19.08,18.23,20.28,17.24,17.60,18.52,16.72,17.40,17.48,17.39,17.62,17.79,16.99,16.90,17.79,17.45,16.96,16.75,17.50,17.52,17.15,17.35,16.99,17.06,16.64,16.54,17.08,17.14,17.06,17.70,16.90,17.69,17.30,18.62,19.53,19.09,18.91,18.93,18.05,18.11,18.65,18.29,18.60,19.89,19.46,18.93,21.11,20.12,22.55,23.35,20.56,18.33,19.40,19.82,20.18,21.22,20.63,17.59,18.42,19.59,17.15,19.85,17.18,17.90,16.97,16.06,14.31,18.07,14.20,16.40,15.89,18.64,17.58,18.08,18.46,18.59,16.38,18.36,17.61,16.45,17.22,16.75,17.79,17.94,18.05,17.94,19.12,19.19,19.29,17.22,17.79,17.75,18.63,18.12,17.22,17.91,17.90,18.46,18.39,17.93,18.64,19.45,18.74,18.26,18.10,17.91,18.24,17.96,18.56,17.90,18.36,17.33,19.34,18.90,19.48,19.97,18.95,22.47,25.52,19.56,25.65,26.00,..,..,..,..,..,..,..,..,..,..,..
"....Abra","Corngrain [Maize] White, matured",..,18.32,18.30,..,..,..,..,11.65,11.15,14.41,..,..,14.77,..,6.90,9.40,..,..,..,..,9.48,9.49,7.29,..,..,8.51,..,12.44,10.59,..,..,..,..,7.99,13.17,..,..,..,11.05,..,11.58,10.89,..,..,..,..,8.20,12.92,..,..,..,10.90,..,11.50,19.60,..,..,..,..,20.74,16.21,..,..,..,17.01,..,18.38,16.51,..,..,..,..,18.99,24.37,..,..,..,19.56,..,24.50,17.05,..,..,..,..,17.81,13.79,..,..,..,18.29,..,24.22,21.12,..,..,..,..,22.94,17.55,..,..,..,21.46,..,13.96,26.25,..,..,..,..,19.53,20.45,..,..,..,20.05,..,55.80,46.02,..,..,..,..,61.63,40.00,..,..,..,50.86,..,..,..,..,..,..,..,..,..,..,..,..,..
"....Abra","Corngrain [Maize] Yellow, matured",..,..,..,..,..,..,..,..,..,..,..,..,..,..,..,..,..,..,..,..,..,..,..,..,..,..,..,..,..,..,..,..,..,..,..,..,..,..,..,..,..,..,..,..,..,..,..,..,..,..,..,..,..,..,..,..,..,..,..,..,..,..,..,..,..,..,..,..,..,..,..,..,..,..,..,..,..,..,..,..,..,..,..,..,..,..,..,..,..,..,..,..,..,..,..,..,..,..,..,..,..,..,..,..,..,..,..,..,..,..,..,..,..,..,..,..,..,..,..,..,..,..,..,..,..,..,..,..,..,..,..,..,..,..,..,..,..,..,..,..,..,..,..
"....Abra","Green Corn (Maize, green), White",..,..,..,..,..,..,..,..,..,..,..,..,..,..,..,..,..,..,..,..,..,..,..,..,..,..,..,..,..,..,..,..,..,..,..,..,..,..,..,..,..,..,..,..,..,..,..,..,..,..,..,..,..,..,..,..,..,..,..,..,..,..,..,..,..,..,..,..,..,..,..,..,..,..,..,..,..,..,..,..,..,..,..,..,..,..,..,..,..,..,..,..,..,..,..,..,..,..,..,..,..,..,..,..,..,..,..,..,..,..,..,..,..,..,..,..,..,..,..,..,..,..,..,..,..,..,..,..,..,..,..,..,..,..,..,..,..,..,..,..,..,..,..
"....Abra","Green Corn (Maize, green), Yellow",..,..,..,..,..,..,..,..,..,..,..,..,..,..,..,..,..,..,..,..,..,..,..,..,..,..,..,..,..,..,..,..,..,..,..,..,..,..,..,..,..,..,..,..,..,..,..,..,..,..,..,..,..,..,..,..,..,..,..,..,..,..,..,..,..,..,..,..,..,..,..,..,..,..,..,..,..,..,..,..,..,..,..,..,..,..,..,..,..,..,..,..,..,..,..,..,..,..,..,..,..,..,..,..,..,..,..,..,..,..,..,..,..,..,..,..,..,..,..,..,..,..,..,..,..,..,..,..,..,..,..,..,..,..,..,..,..,..,..,..,..,..,..
"....Apayao","Palay [Paddy] Fancy, dry (conv. to 14% mc)",..,..,..,..,..,..,..,..,..,..,..,..,..,..,..,..,..,..,..,..,..,..,..,..,..,..,..,..,..,..,..,..,..,..,..,..,..,..,..,..,..,..,..,..,..,..,..,..,..,..,..,..,..,..,..,..,..,..,..,..,..,..,..,..,..,..,..,..,..,..,..,..,..,..,..,..,..,..,..,..,..,..,..,..,..,..,..,..,..,..,..,..,..,..,..,..,..,..,..,..,..,..,..,..,..,..,..,..,..,..,..,..,..,..,..,..,..,..,..,..,..,..,..,..,..,..,..,..,..,..,..,..,..,..,..,..,..,..,..,..,..,..,..
"....Apayao","Palay [Paddy] Other Variety, dry (conv. to 14% mc)",..,..,18.73,21.21,21.13,..,..,..,22.05,21.24,21.03,..,20.90,..,..,16.47,17.12,17.26,..,..,..,17.21,16.75,17.10,..,16.99,..,..,16.95,17.15,17.60,17.25,17.50,..,17.25,17.10,12.75,..,16.69,..,..,16.22,18.82,19.03,..,..,..,17.80,14.68,16.41,17.01,17.14,16.41,..,..,21.99,21.60,20.75,..,..,21.42,19.40,21.07,19.44,20.26,..,..,17.82,17.83,15.48,15.60,..,..,14.04,12.67,12.65,8.22,14.29,..,..,17.71,18.14,19.49,18.69,..,..,16.26,14.77,14.95,..,17.14,..,..,15.97,18.20,17.24,..,..,..,16.72,17.18,18.15,..,17.24,..,..,17.78,17.67,17.63,..,..,..,17.25,18.04,18.54,..,17.82,..,..,18.67,19.53,20.13,..,..,..,22.71,24.12,25.30,..,21.74,..,..,..,..,..,..,..,..,..,..,..,..,..
"....Apayao","Corngrain [Maize] White, matured",..,..,..,..,..,..,..,..,..,..,..,..,..,..,..,..,..,..,..,..,..,..,..,..,..,..,..,..,..,..,..,..,..,..,..,..,..,..,..,..,..,..,..,..,..,..,..,..,..,..,..,..,..,..,..,..,..,..,..,..,..,..,..,..,..,..,..,..,..,..,..,..,..,..,..,..,..,..,..,..,..,..,..,..,..,..,..,..,..,..,..,..,..,..,..,..,..,..,..,..,..,..,..,..,..,..,..,..,..,..,..,..,..,..,..,..,..,..,..,..,..,..,..,..,..,..,..,..,..,..,..,..,..,..,..,..,..,..,..,..,..,..,..
"....Apayao","Corngrain [Maize] Yellow, matured",..,..,11.06,11.31,12.67,..,..,..,13.93,12.58,12.26,..,12.30,..,..,11.88,11.90,11.72,..,..,..,11.15,13.15,13.25,..,12.18,..,..,12.14,12.35,12.00,11.50,11.75,..,11.45,11.30,8.15,..,11.33,..,..,11.17,10.81,10.99,11.12,9.18,..,8.82,6.86,8.47,8.03,9.49,..,11.41,12.84,13.17,14.03,13.99,14.05,13.97,13.63,11.92,12.60,12.68,13.12,..,..,13.24,13.58,11.98,12.09,..,11.22,11.79,10.34,10.21,8.36,11.42,..,..,10.59,10.27,10.57,10.89,10.22,..,10.88,11.07,11.95,10.73,10.80,..,..,11.68,11.37,12.95,12.90,14.76,..,14.74,15.07,15.13,..,13.58,..,..,16.40,17.34,17.37,18.55,12.00,..,16.49,17.42,16.63,..,16.53,..,..,17.66,16.79,18.09,..,..,14.99,14.16,17.13,17.27,..,16.58,..,..,..,..,..,..,..,..,..,..,..,..,..
"....Apayao","Green Corn (Maize, green), White",..,..,..,..,..,..,..,..,..,..,..,..,..,..,..,..,..,..,..,..,..,..,..,..,..,..,..,..,..,..,..,..,..,..,..,..,..,..,..,..,..,..,..,..,..,..,..,..,..,..,..,..,..,..,..,..,..,..,..,..,..,..,..,..,..,..,..,..,..,..,..,..,..,..,..,..,..,..,..,..,..,..,..,..,..,..,..,..,..,..,..,..,..,..,..,..,..,..,..,..,..,..,..,..,..,..,..,..,..,..,..,..,..,..,..,..,..,..,..,..,..,..,..,..,..,..,..,..,..,..,..,..,..,..,..,..,..,..,..,..,..,..,..
"....Apayao","Green Corn (Maize, green), Yellow",..,..,..,..,..,..,..,..,..,..,..,..,..,..,..,..,..,..,..,..,..,..,..,..,..,..,..,..,..,..,..,..,..,..,..,..,..,..,..,..,..,..,..,..,..,..,..,..,..,..,..,..,..,..,..,..,..,..,..,..,..,..,..,..,..,..,..,..,..,..,..,..,..,..,..,..,..,..,..,..,..,..,..,..,..,..,..,..,..,..,..,..,..,..,..,..,..,..,..,..,..,..,..,..,..,..,..,..,..,..,..,..,..,..,..,..,..,..,..,..,..,..,..,..,..,..,..,..,..,..,..,..,..,..,..,..,..,..,..,..,..,..,..
"....Benguet","Palay [Paddy] Fancy, dry (conv. to 14% mc)",..,..,..,..,..,..,..,..,..,..,..,..,..,..,..,..,..,..,..,..,..,..,..,..,..,..,..,..,..,..,..,..,..,..,..,..,..,..,..,..,..,..,..,..,..,..,..,..,..,..,..,..,..,..,..,..,..,..,..,..,..,..,..,..,..,..,..,..,..,..,..,..,..,..,..,..,..,..,..,..,..,..,..,..,..,..,..,..,..,..,..,..,..,..,..,..,..,..,..,..,..,..,..,..,..,..,..,..,..,..,..,..,..,..,..,..,..,..,..,..,..,..,..,..,..,..,..,..,..,..,..,..,..,..,..,..,..,..,..,..,..,..,..
"....Benguet","Palay [Paddy] Other Variety, dry (conv. to 14% mc)",..,..,..,..,..,..,..,..,..,..,..,..,..,..,..,..,..,..,..,..,..,..,..,..,..,..,..,..,..,..,..,..,..,..,..,..,..,..,..,..,..,..,..,..,..,..,..,..,..,..,..,..,..,..,..,..,..,..,..,..,..,..,..,..,..,..,..,..,..,..,..,..,..,..,..,..,..,..,..,..,..,..,..,..,..,..,..,..,..,..,..,..,..,..,..,..,..,..,..,..,..,..,..,..,..,..,..,..,..,..,..,..,..,..,..,..,..,..,15.60,21.51,..,..,..,..,..,..,..,..,..,18.56,..,..,..,..,..,..,..,..,..,..,..,..,..
"....Benguet","Corngrain [Maize] White, matured",..,..,..,..,..,..,..,..,..,..,..,..,..,..,..,..,..,..,..,..,..,..,..,..,..,..,..,..,..,..,..,..,..,..,..,..,..,..,..,..,..,..,..,..,..,..,..,..,..,..,..,..,..,..,..,..,..,..,..,..,..,..,..,..,..,..,..,..,..,..,..,..,..,..,..,..,..,..,..,..,..,..,..,..,..,..,..,..,..,..,..,..,..,..,..,..,..,..,..,..,..,..,..,..,..,..,..,..,..,..,..,..,..,..,..,..,..,..,..,..,..,..,..,..,..,..,..,..,..,..,..,..,..,..,..,..,..,..,..,..,..,..,..
"....Benguet","Corngrain [Maize] Yellow, matured",..,..,..,..,..,..,..,..,..,..,..,..,..,..,..,..,..,..,..,..,..,..,..,..,..,..,..,..,..,..,..,..,..,..,..,..,..,..,..,..,..,..,..,..,..,..,..,..,..,..,..,..,..,..,..,..,..,..,..,..,..,..,..,..,..,..,..,..,..,..,..,..,..,..,..,..,..,..,..,..,..,..,..,..,..,..,..,..,..,..,..,..,..,..,..,..,..,..,..,..,..,..,..,..,..,..,..,..,..,..,..,..,..,..,..,..,..,..,29.89,29.02,..,..,..,..,..,..,..,..,..,29.46,..,..,..,..,..,..,..,..,..,..,..,..,..
"....Benguet","Green Corn (Maize, green), White",..,..,..,..,..,..,..,..,..,..,..,..,..,..,..,..,..,..,..,..,..,..,..,..,..,..,..,..,..,..,..,..,..,..,..,..,..,..,..,..,..,..,..,..,..,..,..,..,..,..,..,..,..,..,..,..,..,..,..,..,..,..,..,..,..,..,..,..,..,..,..,..,..,..,..,..,..,..,..,..,..,..,..,..,..,..,..,..,..,..,..,..,..,..,..,..,..,..,..,..,..,..,..,..,..,..,..,..,..,..,..,..,..,..,..,..,..,..,..,..,..,..,..,..,..,..,..,..,..,..,..,..,..,..,..,..,..,..,..,..,..,..,..
"....Benguet","Green Corn (Maize, green), Yellow",..,..,..,..,..,..,..,..,..,..,..,..,..,..,..,..,..,..,..,..,..,..,..,..,..,..,..,..,..,..,..,..,..,..,..,..,..,..,..,..,..,..,..,..,..,..,..,..,..,..,..,..,..,..,..,..,..,..,..,..,..,..,..,..,..,..,..,..,..,..,..,..,..,..,..,..,..,..,..,..,..,..,..,..,..,..,..,..,..,..,..,..,..,..,..,..,..,..,..,..,..,..,..,..,..,..,..,..,..,..,..,..,..,..,..,..,..,..,..,..,..,..,..,..,..,..,..,..,..,..,..,..,..,..,..,..,..,..,..,..,..,..,..
"....Ifugao","Palay [Paddy] Fancy, dry (conv. to 14% mc)",..,..,..,..,..,..,..,..,..,..,..,..,..,..,..,..,..,..,..,..,..,..,..,..,..,..,..,..,..,..,..,..,..,..,..,..,..,..,..,..,..,..,..,..,..,..,..,..,..,..,..,..,..,..,..,..,..,..,..,..,..,..,..,..,..,..,..,..,..,..,..,..,..,..,..,..,..,..,..,..,..,..,..,..,..,..,..,..,..,..,..,..,..,..,..,..,..,..,..,..,..,..,..,..,..,..,..,..,..,..,..,..,..,..,..,..,..,..,..,..,..,..,..,..,..,..,..,..,..,..,..,..,..,..,..,..,..,..,..,..,..,..,..
"....Ifugao","Palay [Paddy] Other Variety, dry (conv. to 14% mc)",18.48,19.65,21.23,22.50,..,..,..,..,23.67,23.00,22.00,..,21.50,20.23,17.45,21.39,19.62,..,..,..,22.90,22.57,21.27,22.42,..,20.98,21.51,22.17,16.09,16.12,17.52,..,..,..,17.68,17.32,19.67,18.10,18.46,17.28,17.33,18.18,19.12,..,..,..,18.43,18.58,18.75,18.59,..,18.28,18.61,20.54,18.90,20.91,..,..,..,22.25,22.68,16.81,17.97,17.28,19.55,18.44,17.74,17.80,18.93,17.89,..,..,14.40,..,17.52,17.61,16.81,17.46,17.71,..,..,..,18.33,..,..,..,17.16,16.66,..,..,17.47,..,..,17.39,17.20,17.39,..,..,..,13.79,14.52,16.03,..,16.05,..,..,16.17,16.75,..,..,..,..,16.72,..,15.93,..,16.39,..,..,16.31,17.18,16.07,..,..,..,16.76,18.00,18.26,..,17.10,22.93,..,..,..,..,..,..,..,..,..,..,..,..
"....Ifugao","Corngrain [Maize] White, matured",..,..,..,..,..,..,..,..,..,..,..,..,..,..,..,..,..,..,..,..,..,..,..,..,..,..,..,..,..,..,..,..,..,..,..,..,..,..,..,..,..,..,..,..,..,..,..,..,..,..,..,..,..,..,..,..,..,..,..,..,..,..,..,..,..,..,..,..,..,..,..,..,..,..,..,..,..,..,..,..,..,..,..,..,..,..,..,..,..,..,..,..,..,..,..,..,..,..,..,..,..,..,..,..,..,..,..,..,..,..,..,..,..,..,..,..,..,..,..,..,..,..,..,..,..,..,..,..,..,..,..,..,..,..,..,..,..,..,..,..,..,..,..
"....Ifugao","Corngrain [Maize] Yellow, matured",..,12.56,13.13,12.66,..,..,..,14.00,14.22,13.50,..,..,13.35,..,14.09,13.03,13.14,..,..,..,14.20,14.98,13.57,..,..,13.84,12.74,12.71,13.09,12.66,13.48,..,..,..,12.12,11.58,..,..,12.63,..,11.18,12.66,12.93,..,..,..,12.31,12.22,12.54,12.82,..,12.38,..,12.55,13.63,13.50,..,..,..,..,18.30,14.14,14.36,16.03,14.64,..,13.57,13.80,14.53,14.24,..,..,..,12.31,10.42,10.19,12.69,12.72,..,..,..,..,11.43,..,..,..,9.81,10.50,..,..,10.58,..,..,11.49,11.84,13.16,..,..,..,13.54,13.95,17.71,..,13.62,..,..,16.11,16.11,..,..,..,..,17.89,16.10,16.51,..,16.54,..,..,17.09,14.46,..,..,..,..,15.09,14.88,15.68,..,15.44,..,..,..,..,..,..,..,..,..,..,..,..,..
"....Ifugao","Green Corn (Maize, green), White",..,..,..,..,..,..,..,..,..,..,..,..,..,..,..,..,..,..,..,..,..,..,..,..,..,..,..,..,..,..,..,..,..,..,..,..,..,..,..,..,..,..,..,..,..,..,..,..,..,..,..,..,..,..,..,..,..,..,..,..,..,..,..,..,..,..,..,..,..,..,..,..,..,..,..,..,..,..,..,..,..,..,..,..,..,..,..,..,..,..,..,..,..,..,..,..,..,..,..,..,..,..,..,..,..,..,..,..,..,..,..,..,..,..,..,..,..,..,..,..,..,..,..,..,..,..,..,..,..,..,..,..,..,..,..,..,..,..,..,..,..,..,..
"....Ifugao","Green Corn (Maize, green), Yellow",..,..,..,..,..,..,..,..,..,..,..,..,..,..,..,..,..,..,..,..,..,..,..,..,..,..,..,..,..,..,..,..,..,..,..,..,..,..,..,..,..,..,..,..,..,..,..,..,..,..,..,..,..,..,..,..,..,..,..,..,..,..,..,..,..,..,..,..,..,..,..,..,..,..,..,..,..,..,..,..,..,..,..,..,..,..,..,..,..,..,..,..,..,..,..,..,..,..,..,..,..,..,..,..,..,..,..,..,..,..,..,..,..,..,..,..,..,..,..,..,..,..,..,..,..,..,..,..,..,..,..,..,..,..,..,..,..,..,..,..,..,..,..
"....Kalinga","Palay [Paddy] Fancy, dry (conv. to 14% mc)",..,..,..,..,..,..,..,..,..,..,..,..,..,..,..,..,..,..,..,..,..,..,..,..,..,..,..,..,..,..,..,..,..,..,..,..,..,..,..,..,..,..,..,..,..,..,..,..,..,..,..,..,..,..,..,..,..,..,..,..,..,..,..,..,..,..,..,..,..,..,..,..,..,..,..,..,..,..,..,..,..,..,..,..,..,..,..,..,..,..,..,..,..,..,..,..,..,..,..,..,..,..,..,..,..,..,..,..,..,..,..,..,..,..,..,..,..,..,..,..,..,..,..,..,..,..,..,..,..,..,..,..,..,..,..,..,..,..,..,..,..,..,..
"....Kalinga","Palay [Paddy] Other Variety, dry (conv. to 14% mc)",..,..,20.78,21.36,21.53,22.60,..,..,22.25,22.25,21.58,18.54,21.36,17.30,..,16.37,16.77,16.50,16.65,..,..,17.82,17.52,16.93,16.63,16.94,16.13,..,17.23,17.03,17.05,17.17,..,..,19.30,17.53,18.54,18.88,17.65,18.96,..,19.32,20.46,18.64,18.36,..,..,19.16,17.29,17.64,18.77,18.73,18.15,..,20.30,20.46,20.06,20.34,..,..,22.24,22.26,22.58,20.97,20.82,18.65,..,17.93,17.68,16.30,15.62,..,..,16.21,14.19,14.75,15.75,16.34,15.81,..,18.16,17.99,18.34,16.30,..,..,17.64,16.13,16.22,15.92,16.95,16.39,..,18.60,17.54,18.45,17.04,..,..,16.77,17.79,18.00,17.17,17.53,18.13,..,16.59,18.02,17.17,16.71,..,..,15.65,16.68,17.09,18.16,17.13,18.00,..,18.53,18.02,19.63,19.47,..,..,22.47,22.74,24.06,21.06,20.44,25.33,..,..,..,..,..,..,..,..,..,..,..,..
"....Kalinga","Corngrain [Maize] White, matured",..,..,..,..,..,..,..,..,..,..,..,..,..,..,..,..,..,..,..,..,..,..,..,..,..,..,..,..,..,..,..,..,..,..,..,..,..,..,..,..,..,..,..,..,..,..,..,..,..,..,..,..,..,..,..,..,..,..,..,..,..,..,..,..,..,..,..,..,..,..,..,..,..,..,..,..,..,..,..,..,..,..,..,..,..,..,..,..,..,..,..,..,..,..,..,..,..,..,..,..,..,..,..,..,..,..,..,..,..,..,..,..,..,..,..,..,..,..,..,..,..,..,..,..,..,..,..,..,..,..,..,..,..,..,..,..,..,..,..,..,..,..,..
"....Kalinga","Corngrain [Maize] Yellow, matured",..,11.39,11.71,11.26,12.11,..,..,12.55,12.81,13.72,..,..,12.22,..,13.50,12.33,12.28,12.31,12.83,..,12.09,12.00,11.70,11.00,..,12.23,..,12.18,12.14,12.15,12.22,11.52,..,..,12.30,12.23,12.58,..,12.17,..,12.50,11.77,11.73,11.47,11.48,..,..,11.05,9.19,10.09,..,11.16,..,10.63,12.49,11.75,11.78,12.07,..,..,16.86,12.98,12.73,..,12.66,..,13.46,12.79,13.72,..,11.21,..,13.30,12.83,9.95,12.12,..,12.42,..,12.77,12.22,11.89,11.75,12.80,..,..,11.07,10.93,10.54,..,11.75,..,12.25,12.63,12.36,12.12,..,..,..,19.06,16.35,15.34,..,14.30,..,12.97,14.73,17.84,17.78,17.73,..,..,15.31,17.89,19.23,..,16.69,..,17.00,17.66,18.06,17.80,17.46,..,..,17.18,17.12,17.67,..,17.49,..,..,..,..,..,..,..,..,..,..,..,..,..
"....Kalinga","Green Corn (Maize, green), White",..,..,..,..,..,..,..,..,..,..,..,..,..,..,..,..,..,..,..,..,..,..,..,..,..,..,..,..,..,..,..,..,..,..,..,..,..,..,..,..,..,..,..,..,..,..,..,..,..,..,..,..,..,..,..,..,..,..,..,..,..,..,..,..,..,..,..,..,..,..,..,..,..,..,..,..,..,..,..,..,..,..,..,..,..,..,..,..,..,..,..,..,..,..,..,..,..,..,..,..,..,..,..,..,..,..,..,..,..,..,..,..,..,..,..,..,..,..,..,..,..,..,..,..,..,..,..,..,..,..,..,..,..,..,..,..,..,..,..,..,..,..,..
"....Kalinga","Green Corn (Maize, green), Yellow",..,..,..,..,..,..,..,..,..,..,..,..,..,..,..,..,..,..,..,..,..,..,..,..,..,..,..,..,..,..,..,..,..,..,..,..,..,..,..,..,..,..,..,..,..,..,..,..,..,..,..,..,..,..,..,..,..,..,..,..,..,..,..,..,..,..,..,..,..,..,..,..,..,..,..,..,..,..,..,..,..,..,..,..,..,..,..,..,..,..,..,..,..,..,..,..,..,..,..,..,..,..,..,..,..,..,..,..,..,..,..,..,..,..,..,..,..,..,..,..,..,..,..,..,..,..,..,..,..,..,..,..,..,..,..,..,..,..,..,..,..,..,..
"....Mountain Province","Palay [Paddy] Fancy, dry (conv. to 14% mc)",..,..,..,..,..,..,..,..,..,..,..,..,..,..,..,..,..,..,..,..,..,..,..,..,..,..,..,..,..,..,..,..,..,..,..,..,..,..,..,..,..,..,..,..,..,..,..,..,..,..,..,..,..,..,..,..,..,..,..,..,..,..,..,..,..,..,..,..,..,..,..,..,..,..,..,..,..,..,..,..,..,..,..,..,..,..,..,..,..,..,..,..,..,..,..,..,..,..,..,..,..,..,..,..,..,..,..,..,..,..,..,..,..,..,..,..,..,..,..,..,..,..,..,..,..,..,..,..,..,..,..,..,..,..,..,..,..,..,..,..,..,..,..
"....Mountain Province","Palay [Paddy] Other Variety, dry (conv. to 14% mc)",..,..,..,..,..,..,..,..,..,..,..,..,..,..,..,..,..,..,..,..,..,..,..,..,..,..,..,..,..,..,..,..,..,..,..,..,..,..,..,..,..,..,..,..,..,..,..,..,..,..,..,..,..,..,..,..,..,..,..,..,..,..,..,..,..,..,..,..,..,..,..,..,..,..,..,..,..,..,..,..,..,..,..,..,..,..,..,..,..,..,..,..,..,..,..,..,..,..,..,..,..,..,..,..,..,..,..,..,..,..,..,..,..,..,..,..,..,..,..,20.28,18.83,20.07,..,..,..,25.91,23.60,26.27,..,22.49,..,..,..,..,..,..,..,..,..,..,..,..,..
"....Mountain Province","Corngrain [Maize] White, matured",..,..,..,..,..,..,..,..,..,..,..,..,..,..,..,..,..,..,..,..,..,..,..,..,..,..,..,..,..,..,..,..,..,..,..,..,..,..,..,..,..,..,..,..,..,..,..,..,..,..,..,..,..,..,..,..,..,..,..,..,..,..,..,..,..,..,..,..,..,..,..,..,..,..,..,..,..,..,..,..,..,..,..,..,..,..,..,..,..,..,..,..,..,..,..,..,..,..,..,..,..,..,..,..,..,..,..,..,..,..,..,..,..,..,..,..,..,..,..,..,..,..,..,..,..,..,..,..,..,..,..,..,..,..,..,..,..,..,..,..,..,..,..
"....Mountain Province","Corngrain [Maize] Yellow, matured",..,..,10.12,11.41,12.49,..,..,13.27,12.89,12.56,..,..,12.12,..,..,11.83,11.71,..,..,..,11.67,11.56,10.95,..,..,11.54,..,..,11.88,12.83,..,..,..,12.58,11.96,11.00,..,..,12.05,..,..,11.20,11.03,..,..,..,10.31,10.21,9.90,..,..,10.53,..,..,13.28,13.12,13.83,..,..,17.96,17.84,13.96,..,..,15.00,..,..,13.56,13.99,12.67,..,..,13.51,11.26,10.61,11.48,..,12.44,..,..,11.30,11.34,11.46,..,..,..,10.75,11.33,11.28,..,11.24,..,12.77,12.24,12.31,13.20,14.00,14.50,16.57,19.69,16.34,20.44,19.51,15.60,19.06,18.67,19.07,18.05,18.48,18.88,19.33,19.02,18.95,18.75,..,19.03,18.84,18.00,19.49,19.21,17.17,18.94,16.64,19.08,19.59,17.68,17.60,17.25,17.58,18.19,..,..,..,..,..,..,..,..,..,..,..,..,..
"....Mountain Province","Green Corn (Maize, green), White",..,..,..,..,..,..,..,..,..,..,..,..,..,..,..,..,..,..,..,..,..,..,..,..,..,..,..,..,..,..,..,..,..,..,..,..,..,..,..,..,..,..,..,..,..,..,..,..,..,..,..,..,..,..,..,..,..,..,..,..,..,..,..,..,..,..,..,..,..,..,..,..,..,..,..,..,..,..,..,..,..,..,..,..,..,..,..,..,..,..,..,..,..,..,..,..,..,..,..,..,..,..,..,..,..,..,..,..,..,..,..,..,..,..,..,..,..,..,..,..,..,..,..,..,..,..,..,..,..,..,..,..,..,..,..,..,..,..,..,..,..,..,..
"....Mountain Province","Green Corn (Maize, green), Yellow",..,..,..,..,..,..,..,..,..,..,..,..,..,..,..,..,..,..,..,..,..,..,..,..,..,..,..,..,..,..,..,..,..,..,..,..,..,..,..,..,..,..,..,..,..,..,..,..,..,..,..,..,..,..,..,..,..,..,..,..,..,..,..,..,..,..,..,..,..,..,..,..,..,..,..,..,..,..,..,..,..,..,..,..,..,..,..,..,..,..,..,..,..,..,..,..,..,..,..,..,..,..,..,..,..,..,..,..,..,..,..,..,..,..,..,..,..,..,..,..,..,..,..,..,..,..,..,..,..,..,..,..,..,..,..,..,..,..,..,..,..,..,..
"..REGION I (ILOCOS REGION)","Palay [Paddy] Fancy, dry (conv. to 14% mc)",..,..,..,..,..,..,..,..,..,..,..,..,..,..,..,..,..,..,..,..,..,..,..,..,..,..,..,..,..,..,..,..,..,..,..,..,..,..,..,..,..,..,..,..,..,..,..,..,..,..,..,..,..,..,..,..,..,..,..,..,..,..,..,..,..,..,..,..,..,..,..,..,..,..,..,..,..,..,..,..,..,..,..,..,..,..,..,..,..,..,..,..,..,..,..,..,..,..,..,..,..,..,..,..,..,..,..,..,..,..,..,..,..,..,..,..,..,..,..,..,..,..,..,..,..,..,..,..,..,..,..,..,..,..,..,..,..,..,..,..,..,..,..
"..REGION I (ILOCOS REGION)","Palay [Paddy] Other Variety, dry (conv. to 14% mc)",19.77,20.57,21.27,22.24,22.51,23.31,22.48,23.78,22.95,20.63,20.08,19.70,21.61,18.83,17.69,18.01,18.04,17.99,18.15,18.24,19.16,18.15,16.56,16.08,16.61,17.79,16.57,16.76,17.06,17.03,17.15,17.94,18.21,19.10,18.29,16.04,17.76,18.62,17.54,18.44,18.11,17.84,19.69,19.15,19.11,19.03,19.50,19.27,17.43,18.11,18.94,18.72,20.12,21.22,21.20,21.04,21.11,20.58,22.42,22.76,24.49,21.00,20.31,20.86,21.43,20.90,19.35,18.88,18.48,18.60,17.56,17.46,16.52,16.21,14.71,14.94,15.80,17.45,16.04,16.55,17.35,17.68,19.25,19.80,19.78,19.15,17.45,16.50,17.85,17.87,17.94,18.45,19.21,19.52,19.95,18.82,19.14,18.44,19.00,17.66,17.28,17.73,17.75,18.58,18.58,19.32,18.67,18.95,19.15,19.10,19.50,19.53,18.54,18.67,18.88,19.76,19.05,19.03,19.58,20.83,20.40,20.26,20.23,20.23,22.05,22.61,22.92,24.18,27.81,21.68,28.97,28.41,..,..,..,..,..,..,..,..,..,..,..
"..REGION I (ILOCOS REGION)","Corngrain [Maize] White, matured",21.09,21.48,17.94,15.80,15.73,13.83,16.06,13.07,13.71,..,..,14.55,16.33,16.31,17.46,20.66,18.84,15.22,12.86,13.70,14.86,14.86,..,..,16.60,16.14,20.06,18.00,22.97,21.58,21.94,20.94,18.68,19.89,19.78,..,23.94,22.44,20.93,26.57,29.79,25.94,25.82,20.74,18.91,20.23,17.12,20.55,18.92,24.04,21.08,22.48,20.69,21.88,19.87,16.96,16.78,18.24,17.21,17.27,17.13,..,..,23.83,18.99,22.33,26.58,25.80,25.45,25.98,25.37,24.60,27.04,26.91,..,..,32.41,26.25,29.91,27.01,26.54,25.89,23.51,20.00,18.30,20.03,22.49,..,..,26.67,24.04,24.46,22.80,23.09,21.27,19.58,20.12,16.88,17.88,21.79,..,..,22.10,21.00,23.84,24.92,25.79,26.23,27.21,25.47,25.30,23.76,27.75,..,..,24.30,25.46,38.99,36.12,43.36,41.17,32.83,31.58,28.70,36.46,43.59,25.53,47.14,36.65,36.84,..,..,..,..,..,..,..,..,..,..,..,..,..
"..REGION I (ILOCOS REGION)","Corngrain [Maize] Yellow, matured",12.82,12.28,12.23,12.38,13.07,13.25,12.58,12.77,12.75,..,13.27,12.95,12.76,13.44,13.93,13.00,13.01,12.62,12.37,11.94,13.80,13.71,..,..,12.64,13.05,13.17,13.11,12.52,12.65,12.62,12.35,12.47,12.39,12.39,..,14.05,13.68,12.85,13.47,13.31,12.55,12.23,12.18,11.68,11.23,11.63,12.03,..,10.67,12.21,12.11,12.88,13.61,13.90,14.05,14.43,14.89,14.49,15.85,16.77,..,..,14.70,14.56,14.96,14.93,14.49,14.68,14.68,14.05,13.17,13.37,16.95,13.47,13.30,13.95,14.33,14.40,13.66,12.74,12.60,12.73,11.73,11.92,12.04,11.04,13.00,12.35,13.16,12.61,14.03,13.94,13.98,13.68,13.62,14.46,14.17,15.18,17.45,..,..,14.80,14.53,18.75,18.06,18.69,18.78,19.37,19.44,19.17,21.00,18.96,..,..,19.98,19.22,20.95,21.03,20.64,18.78,18.39,18.26,18.26,15.05,17.75,..,..,19.69,18.88,..,..,..,..,..,..,..,..,..,..,..,..,..
"..REGION I (ILOCOS REGION)","Green Corn (Maize, green), White",15.80,15.76,15.32,16.37,16.32,15.42,15.49,15.79,16.20,14.67,16.34,16.68,15.85,14.67,15.97,16.00,16.24,15.57,15.88,16.21,16.50,17.81,18.51,19.71,20.29,16.95,15.61,16.11,19.20,17.56,15.88,16.65,17.12,17.70,15.17,19.30,20.28,19.33,17.49,18.13,17.17,18.34,16.93,17.54,19.56,18.08,16.06,16.69,16.24,20.20,19.36,17.86,15.62,17.43,16.50,17.17,17.46,17.98,16.81,14.00,19.53,12.17,16.96,18.15,16.65,21.30,18.27,21.34,17.87,18.41,20.12,19.05,18.23,21.93,19.39,20.49,20.89,19.77,21.27,18.60,21.24,21.25,18.26,18.03,18.34,19.90,19.72,23.85,21.89,20.09,20.20,21.58,19.65,20.29,17.69,20.18,19.90,20.11,17.42,17.67,18.14,17.31,21.36,19.28,21.24,21.96,21.93,21.60,20.87,22.00,19.59,20.69,20.13,21.91,24.70,21.56,21.52,24.01,25.17,23.22,25.18,22.61,22.99,23.00,23.85,25.58,27.18,25.75,24.47,24.42,..,..,..,..,..,..,..,..,..,..,..,..,..
"..REGION I (ILOCOS REGION)","Green Corn (Maize, green), Yellow",27.53,23.95,13.04,12.19,12.18,21.72,27.33,28.13,28.02,..,27.02,32.12,23.02,26.24,28.13,27.45,22.86,18.33,18.42,22.55,26.70,26.20,26.65,24.82,24.82,24.43,38.25,17.45,17.73,32.59,33.08,19.46,50.59,100.00,62.22,71.83,48.21,77.94,47.45,31.31,13.52,..,..,15.98,..,13.28,65.53,77.94,61.25,..,73.27,44.01,20.82,13.38,13.96,25.65,25.65,29.07,61.72,33.24,51.98,87.50,50.00,50.68,38.64,..,39.13,..,23.63,47.43,66.48,96.88,50.00,44.89,43.98,41.34,46.84,50.06,70.00,40.00,15.00,15.00,20.00,50.00,30.00,20.00,15.00,40.00,100.00,80.00,41.25,41.14,50.00,50.00,50.00,50.00,60.00,30.00,25.45,60.00,50.00,50.00,100.00,51.38,..,..,..,..,..,..,..,..,..,..,..,..,..,..,..,..,..,..,..,..,..,..,..,..,..,..,..,..,..,..,..,..,..,..,..,..,..,..,..
"....Ilocos Norte","Palay [Paddy] Fancy, dry (conv. to 14% mc)",..,..,..,..,..,..,..,..,..,..,..,..,..,..,..,..,..,..,..,..,..,..,..,..,..,..,..,..,..,..,..,..,..,..,..,..,..,..,..,..,..,..,..,..,..,..,..,..,..,..,..,..,..,..,..,..,..,..,..,..,..,..,..,..,..,..,..,..,..,..,..,..,..,..,..,..,..,..,..,..,..,..,..,..,..,..,..,..,..,..,..,..,..,..,..,..,..,..,..,..,..,..,..,..,..,..,..,..,..,..,..,..,..,..,..,..,..,..,..,..,..,..,..,..,..,..,..,..,..,..,..,..,..,..,..,..,..,..,..,..,..,..,..
"....Ilocos Norte","Palay [Paddy] Other Variety, dry (conv. to 14% mc)",20.83,22.26,23.67,22.86,22.22,24.37,23.68,23.50,23.47,19.87,19.58,19.92,22.19,18.22,17.67,17.72,17.29,17.48,17.95,18.15,18.70,19.46,17.44,16.74,16.89,17.81,17.05,17.04,17.10,16.91,16.97,17.50,18.67,18.78,19.28,17.13,18.82,19.45,17.89,18.96,18.83,18.66,20.36,20.62,20.25,19.83,20.47,21.11,18.83,19.85,20.09,19.82,20.36,21.61,21.57,21.80,20.33,21.36,21.91,22.38,24.47,22.79,21.91,22.02,21.88,21.31,18.77,19.58,18.31,17.86,17.40,17.07,16.34,16.47,14.78,15.14,16.45,17.46,15.77,16.27,17.76,20.10,20.83,19.66,19.48,18.26,16.43,15.73,18.55,18.38,18.10,19.44,20.92,20.20,20.32,19.40,19.88,19.85,19.78,17.55,17.52,18.27,18.87,19.33,19.83,20.83,19.52,19.78,19.75,19.70,20.73,21.19,19.78,19.09,19.24,20.36,19.98,20.10,20.52,21.49,20.96,21.19,20.69,20.69,26.22,24.18,22.97,24.99,28.53,22.71,28.74,28.36,..,..,..,..,..,..,..,..,..,..,..
"....Ilocos Norte","Corngrain [Maize] White, matured",21.24,20.85,17.55,15.87,14.86,12.32,13.31,13.07,13.71,..,..,15.13,15.79,17.70,19.16,21.41,17.46,14.42,13.58,14.16,14.86,14.86,..,..,14.22,16.18,15.96,18.65,23.21,21.96,21.49,20.90,19.90,19.89,19.78,..,..,20.70,20.24,27.34,29.98,27.57,27.47,21.29,21.25,20.53,20.74,21.10,..,..,20.29,23.76,20.74,21.76,18.57,17.66,16.79,19.85,17.21,17.27,17.13,..,..,23.83,19.08,23.43,26.66,27.74,27.70,25.58,26.36,24.60,27.04,26.91,..,..,32.41,26.84,32.95,26.98,27.40,25.48,24.75,19.04,18.30,20.03,22.49,..,..,24.97,24.24,26.05,25.67,24.67,21.30,18.86,20.50,18.72,22.00,21.79,..,..,24.04,22.36,25.47,29.74,31.63,31.73,31.73,31.81,25.48,29.09,33.00,..,..,31.46,30.11,39.21,38.12,42.91,38.88,40.46,42.54,42.54,36.46,43.59,..,..,43.97,40.87,..,..,..,..,..,..,..,..,..,..,..,..,..
"....Ilocos Norte","Corngrain [Maize] Yellow, matured",13.27,12.37,11.92,11.96,12.57,12.39,12.50,12.77,12.75,..,13.27,13.16,12.63,12.78,12.95,12.87,12.72,12.71,12.62,12.81,13.80,13.71,..,..,12.96,12.99,13.36,13.34,12.57,12.10,12.04,12.11,12.41,12.39,12.39,..,..,11.73,12.44,12.90,13.28,12.39,12.19,12.06,12.04,11.62,11.63,12.03,..,..,11.34,12.15,12.30,13.82,13.91,14.01,14.83,15.03,15.57,15.85,16.77,..,..,14.70,14.68,14.27,14.53,14.23,14.56,14.78,14.03,14.00,12.54,16.95,..,..,13.22,14.31,14.51,13.98,13.21,12.02,11.84,12.00,12.34,13.40,11.04,..,..,12.83,12.72,14.37,14.09,14.07,13.39,13.61,14.37,14.09,15.60,17.45,..,..,15.88,14.69,18.00,18.58,19.01,19.15,19.25,19.00,18.19,19.04,18.96,..,..,20.80,19.00,20.65,20.91,20.45,19.08,19.10,18.00,18.00,19.29,21.51,..,..,19.69,19.67,..,..,..,..,..,..,..,..,..,..,..,..,..
"....Ilocos Norte","Green Corn (Maize, green), White",9.75,9.38,9.17,10.06,9.81,9.86,8.94,8.75,9.41,9.83,9.82,9.86,9.55,9.77,10.16,10.33,10.67,10.49,10.62,11.13,11.18,11.73,13.43,16.03,16.22,11.81,12.19,14.85,16.82,11.09,10.97,15.92,11.57,11.30,11.66,19.27,16.99,13.09,13.81,13.44,16.45,15.62,14.33,14.49,14.67,15.03,14.89,15.07,15.09,13.77,14.03,14.74,12.58,12.52,12.41,13.59,13.06,14.40,12.73,14.00,14.35,12.17,13.94,14.57,13.36,19.68,16.53,20.14,15.93,15.05,21.80,20.32,17.11,21.43,16.93,18.63,19.55,18.59,22.01,16.68,18.92,18.50,19.26,21.04,20.02,17.63,20.69,20.00,24.36,19.48,19.88,20.58,18.47,19.94,20.54,21.95,24.31,20.86,20.09,20.49,19.77,18.39,22.91,20.69,20.88,23.53,22.69,22.87,22.12,23.77,19.05,22.38,25.13,22.78,19.22,21.54,22.16,24.63,26.17,22.97,24.67,23.18,25.56,25.56,24.46,26.86,26.46,23.88,23.66,24.84,..,..,..,..,..,..,..,..,..,..,..,..,..
"....Ilocos Norte","Green Corn (Maize, green), Yellow",..,..,..,..,..,..,..,..,..,..,..,..,..,..,..,..,..,..,..,..,..,..,..,..,..,..,..,..,..,..,..,..,..,..,..,..,..,..,..,..,..,..,..,..,..,..,..,..,..,..,..,..,..,..,..,..,..,..,..,..,..,..,..,..,..,..,..,..,..,..,..,..,..,..,..,..,..,..,..,..,..,..,..,..,..,..,..,..,..,..,..,..,..,..,..,..,..,..,..,..,..,..,..,..,..,..,..,..,..,..,..,..,..,..,..,..,..,..,..,..,..,..,..,..,..,..,..,..,..,..,..,..,..,..,..,..,..,..,..,..,..,..,..
"....Ilocos Sur","Palay [Paddy] Fancy, dry (conv. to 14% mc)",..,..,..,..,..,..,..,..,..,..,..,..,..,..,..,..,..,..,..,..,..,..,..,..,..,..,..,..,..,..,..,..,..,..,..,..,..,..,..,..,..,..,..,..,..,..,..,..,..,..,..,..,..,..,..,..,..,..,..,..,..,..,..,..,..,..,..,..,..,..,..,..,..,..,..,..,..,..,..,..,..,..,..,..,..,..,..,..,..,..,..,..,..,..,..,..,..,..,..,..,..,..,..,..,..,..,..,..,..,..,..,..,..,..,..,..,..,..,..,..,..,..,..,..,..,..,..,..,..,..,..,..,..,..,..,..,..,..,..,..,..,..,..
"....Ilocos Sur","Palay [Paddy] Other Variety, dry (conv. to 14% mc)",20.60,21.64,22.08,22.08,23.58,23.89,20.49,24.51,20.17,20.15,20.16,20.40,21.65,18.70,17.59,17.63,17.69,17.75,17.88,17.49,19.32,16.05,15.54,14.59,14.90,17.09,15.48,15.88,16.29,17.32,16.52,17.52,16.93,18.63,18.30,15.04,17.58,17.62,16.93,18.35,18.11,18.16,18.60,17.78,16.60,18.08,16.58,18.47,17.97,17.01,18.68,17.87,20.00,19.87,19.60,19.99,21.63,19.35,21.37,22.49,23.83,18.54,18.52,20.26,20.45,20.22,20.54,17.98,18.94,19.89,16.32,17.00,14.70,14.83,14.97,14.60,15.47,17.12,15.50,16.10,16.61,15.37,18.76,20.55,19.47,20.23,15.61,15.80,17.45,16.77,17.35,17.29,18.11,18.57,18.69,17.54,18.02,17.61,17.54,16.82,16.90,16.94,16.51,17.55,17.54,17.78,17.87,17.82,18.53,18.43,18.50,18.17,17.23,18.18,18.50,20.66,18.27,18.03,18.96,19.66,18.84,19.11,18.83,18.83,22.96,23.47,23.18,27.11,27.55,21.38,28.78,28.49,..,..,..,..,..,..,..,..,..,..,..
"....Ilocos Sur","Corngrain [Maize] White, matured",20.94,22.11,18.33,15.72,16.59,15.34,18.81,..,..,..,..,13.96,17.73,14.92,15.76,19.91,20.22,16.01,12.14,13.23,..,..,..,..,18.97,16.40,24.15,17.34,22.72,21.20,22.38,20.97,17.46,..,..,..,23.94,24.18,21.59,25.80,29.60,24.30,24.17,20.18,16.57,19.92,13.49,20.00,18.92,24.04,21.87,21.57,20.64,21.99,21.16,16.26,16.76,16.62,..,..,..,..,..,..,18.91,21.23,26.50,23.85,23.20,26.38,24.38,..,..,..,..,..,..,24.26,26.86,27.04,25.67,26.29,22.27,20.96,..,..,..,..,..,..,24.85,23.50,21.95,21.95,20.81,20.03,20.31,..,..,..,..,..,24.18,21.82,24.06,23.20,24.75,24.20,24.23,24.62,21.75,21.74,22.50,..,..,22.00,23.31,44.21,44.60,54.76,48.61,33.17,20.62,20.62,..,..,..,..,35.00,37.70,..,..,..,..,..,..,..,..,..,..,..,..,..
"....Ilocos Sur","Corngrain [Maize] Yellow, matured",12.24,12.04,12.05,12.58,13.18,12.82,11.91,..,..,..,..,12.73,12.44,14.10,14.54,13.21,13.46,12.40,12.54,12.05,..,..,..,..,12.31,13.08,13.94,12.88,12.84,13.17,12.80,12.51,12.17,..,..,..,14.05,15.62,13.33,14.56,13.53,12.66,11.84,11.63,10.89,10.98,..,..,..,10.67,13.07,12.20,12.92,13.89,13.69,14.08,14.41,14.63,14.81,..,..,..,..,..,14.06,15.23,15.12,14.55,14.55,14.40,13.76,..,..,..,..,..,..,14.60,14.81,13.54,12.31,12.74,12.47,11.84,11.55,..,..,..,..,..,12.75,14.31,13.81,13.65,13.58,13.62,14.10,..,..,..,..,..,..,13.85,18.82,18.63,18.44,18.55,18.79,18.92,19.61,..,..,..,..,19.15,18.86,20.35,20.60,20.32,19.02,17.98,16.89,16.89,..,..,..,..,..,18.86,..,..,..,..,..,..,..,..,..,..,..,..,..
"....Ilocos Sur","Green Corn (Maize, green), White",..,..,..,..,..,..,..,..,..,..,..,..,..,..,..,..,..,..,..,..,..,..,..,..,..,..,..,..,..,..,..,..,..,..,..,..,..,..,..,..,..,..,..,..,..,..,..,..,..,..,..,..,..,..,..,..,..,..,..,..,..,..,..,..,..,..,..,..,..,..,..,..,..,..,..,..,..,..,..,..,..,..,..,..,..,..,..,..,..,..,..,..,..,..,..,..,..,..,..,..,..,..,..,..,..,..,..,..,..,..,..,..,..,..,..,..,..,..,..,..,..,..,..,..,..,..,..,..,..,..,..,..,..,..,..,..,..,..,..,..,..,..,..
"....Ilocos Sur","Green Corn (Maize, green), Yellow",..,..,..,..,..,..,..,..,..,..,..,..,..,..,..,..,..,..,..,..,..,..,..,..,..,..,..,..,..,..,..,..,..,..,..,..,..,..,..,..,..,..,..,..,..,..,..,..,..,..,..,..,..,..,..,..,..,..,..,..,..,..,..,..,..,..,..,..,..,..,..,..,..,..,..,..,..,..,..,..,..,..,..,..,..,..,..,..,..,..,..,..,..,..,..,..,..,..,..,..,..,..,..,..,..,..,..,..,..,..,..,..,..,..,..,..,..,..,..,..,..,..,..,..,..,..,..,..,..,..,..,..,..,..,..,..,..,..,..,..,..,..,..
"....La Union","Palay [Paddy] Fancy, dry (conv. to 14% mc)",..,..,..,..,..,..,..,..,..,..,..,..,..,..,..,..,..,..,..,..,..,..,..,..,..,..,..,..,..,..,..,..,..,..,..,..,..,..,..,..,..,..,..,..,..,..,..,..,..,..,..,..,..,..,..,..,..,..,..,..,..,..,..,..,..,..,..,..,..,..,..,..,..,..,..,..,..,..,..,..,..,..,..,..,..,..,..,..,..,..,..,..,..,..,..,..,..,..,..,..,..,..,..,..,..,..,..,..,..,..,..,..,..,..,..,..,..,..,..,..,..,..,..,..,..,..,..,..,..,..,..,..,..,..,..,..,..,..,..,..,..,..,..
"....La Union","Palay [Paddy] Other Variety, dry (conv. to 14% mc)",17.58,17.69,18.33,20.31,21.20,21.40,21.74,22.55,25.23,..,19.78,19.42,20.48,19.54,18.18,18.71,19.16,18.42,17.95,18.29,18.37,18.45,17.07,17.43,17.35,18.24,16.77,16.72,16.52,16.79,17.62,18.59,17.97,18.01,15.98,14.89,17.35,17.65,17.07,18.14,18.16,17.13,18.94,17.42,19.94,18.02,20.92,17.95,13.79,17.81,18.19,18.03,19.51,21.02,21.17,21.38,21.87,19.85,22.83,23.88,24.90,21.09,20.42,20.63,21.55,21.07,19.02,19.58,18.69,19.46,18.99,17.92,18.94,17.38,14.56,14.28,15.71,17.97,17.57,17.45,17.79,17.85,18.63,19.63,21.36,18.96,19.93,16.90,17.00,18.23,18.44,18.97,18.28,19.04,20.38,18.03,18.28,17.65,19.79,18.85,17.34,17.31,17.39,18.44,18.78,19.17,18.36,19.30,19.17,19.49,20.03,19.77,18.06,18.06,18.72,18.97,18.99,18.79,19.45,19.68,19.70,19.78,21.42,21.42,20.00,21.03,22.72,18.96,28.63,20.97,28.83,29.17,..,..,..,..,..,..,..,..,..,..,..
"....La Union","Corngrain [Maize] White, matured",..,..,..,..,..,..,..,..,..,..,..,..,..,..,..,..,..,..,..,..,..,..,..,..,..,..,..,..,..,..,..,..,..,..,..,..,..,..,..,..,..,..,..,..,..,..,..,..,..,..,..,..,..,..,..,..,..,..,..,..,..,..,..,..,..,..,..,..,..,..,..,..,..,..,..,..,..,..,..,..,..,..,..,..,..,..,..,..,..,28.36,28.36,23.84,20.77,22.64,21.69,19.39,19.56,15.03,13.76,..,..,..,18.08,19.42,21.99,21.82,20.98,22.77,25.68,19.98,28.66,20.46,..,..,..,19.44,22.42,33.54,25.64,32.42,36.02,24.87,..,22.94,..,..,25.53,47.14,30.97,31.01,..,..,..,..,..,..,..,..,..,..,..,..,..
"....La Union","Corngrain [Maize] Yellow, matured",..,12.09,12.41,12.56,13.68,15.17,..,..,..,..,..,..,13.18,13.67,13.82,13.11,12.88,12.63,12.49,..,..,..,..,..,..,13.10,12.39,12.69,12.22,12.51,12.62,12.28,..,..,..,..,..,..,12.45,..,13.44,12.66,12.41,12.51,11.88,..,..,..,..,..,..,12.58,..,13.56,13.42,13.72,14.12,14.00,12.09,..,..,..,..,..,13.49,..,..,14.65,14.72,14.53,14.97,..,14.19,..,..,..,..,14.61,..,13.60,12.39,12.91,13.04,11.02,10.62,10.67,..,..,..,..,12.04,..,13.82,14.07,14.30,13.51,14.78,14.49,16.00,..,..,..,..,14.42,..,15.34,18.15,17.91,20.18,19.88,18.90,25.00,..,..,..,..,19.34,..,20.98,21.78,18.54,17.98,18.13,18.13,..,..,..,..,..,19.26,..,..,..,..,..,..,..,..,..,..,..,..,..
"....La Union","Green Corn (Maize, green), White",18.81,19.15,18.75,17.49,17.45,17.26,19.05,19.65,19.64,..,18.70,18.63,18.60,13.19,17.52,17.85,18.06,16.67,17.08,16.90,18.47,23.50,20.88,22.22,22.15,18.71,14.89,13.38,20.38,21.37,17.27,13.67,20.24,20.95,15.55,18.89,23.68,23.01,18.61,20.65,15.22,20.15,18.91,21.16,25.49,20.78,..,..,..,27.85,23.09,21.48,19.21,19.97,22.05,20.76,19.37,19.69,19.64,..,..,..,..,20.45,20.14,24.09,..,23.56,20.29,23.25,22.45,21.64,19.21,..,20.80,22.27,23.32,22.09,28.10,21.77,28.48,28.49,19.32,19.13,19.67,23.06,..,31.12,23.70,..,24.28,23.84,20.77,22.64,..,..,..,..,..,..,..,..,..,22.42,..,..,..,..,..,..,..,..,..,..,..,..,..,..,..,..,..,..,..,..,..,..,..,..,..,..,..,..,..,..,..,..,..,..,..,..,..,..,..
"....La Union","Green Corn (Maize, green), Yellow",27.53,23.95,13.04,12.19,12.18,21.72,27.33,28.13,28.02,..,27.02,32.12,23.02,26.24,28.13,27.45,22.86,18.33,18.42,22.55,26.70,26.20,26.65,24.82,24.82,24.43,38.25,17.45,17.73,32.59,33.08,19.46,50.59,100.00,62.22,71.83,48.21,77.94,47.45,31.31,13.52,..,..,15.98,..,13.28,65.53,77.94,61.25,..,73.27,44.01,20.82,13.38,13.96,25.65,25.65,29.07,61.72,33.24,51.98,87.50,50.00,50.68,38.64,..,39.13,..,23.63,47.43,66.48,96.88,50.00,44.89,43.98,41.34,46.84,50.06,70.00,40.00,15.00,15.00,20.00,50.00,30.00,20.00,15.00,40.00,100.00,80.00,41.25,41.14,50.00,50.00,50.00,50.00,60.00,30.00,25.45,60.00,50.00,50.00,100.00,51.38,..,..,..,..,..,..,..,..,..,..,..,..,..,..,..,..,..,..,..,..,..,..,..,..,..,..,..,..,..,..,..,..,..,..,..,..,..,..,..
"....Pangasinan","Palay [Paddy] Fancy, dry (conv. to 14% mc)",..,..,..,..,..,..,..,..,..,..,..,..,..,..,..,..,..,..,..,..,..,..,..,..,..,..,..,..,..,..,..,..,..,..,..,..,..,..,..,..,..,..,..,..,..,..,..,..,..,..,..,..,..,..,..,..,..,..,..,..,..,..,..,..,..,..,..,..,..,..,..,..,..,..,..,..,..,..,..,..,..,..,..,..,..,..,..,..,..,..,..,..,..,..,..,..,..,..,..,..,..,..,..,..,..,..,..,..,..,..,..,..,..,..,..,..,..,..,..,..,..,..,..,..,..,..,..,..,..,..,..,..,..,..,..,..,..,..,..,..,..,..,..
"....Pangasinan","Palay [Paddy] Other Variety, dry (conv. to 14% mc)",20.06,20.70,20.98,23.70,23.04,23.58,24.01,24.55,22.93,21.88,20.81,19.05,22.11,18.84,17.30,17.99,18.02,18.31,18.81,19.02,20.25,18.63,16.18,15.56,17.31,18.02,16.97,17.38,18.34,17.11,17.49,18.14,19.27,20.97,19.58,17.09,17.29,19.74,18.28,18.31,17.32,17.42,20.85,20.77,19.63,20.18,20.02,19.53,19.14,17.76,18.80,19.14,20.61,22.38,22.44,20.99,20.60,21.76,23.56,22.29,24.75,21.58,20.40,20.54,21.83,20.98,19.08,18.37,17.99,17.17,17.54,17.84,16.11,16.15,14.54,15.73,15.56,17.26,15.32,16.38,17.25,17.39,18.76,19.34,18.82,19.14,17.84,17.58,18.39,18.08,17.86,18.08,19.51,20.25,20.41,20.29,20.39,18.66,18.89,17.41,17.37,18.40,18.24,18.99,18.17,19.48,18.92,18.89,19.14,18.78,18.72,19.00,19.09,19.33,19.05,19.03,18.97,19.20,19.39,22.48,22.09,20.96,19.97,19.97,19.00,21.77,22.81,25.67,26.53,21.65,29.53,27.63,..,..,..,..,..,..,..,..,..,..,..
"....Pangasinan","Corngrain [Maize] White, matured",..,..,..,..,..,..,..,..,..,..,..,..,..,..,..,..,..,..,..,..,..,..,..,..,..,..,..,..,..,..,..,..,..,..,..,..,..,..,..,..,..,..,..,..,..,..,..,..,..,..,..,..,..,..,..,..,..,..,..,..,..,..,..,..,..,..,..,..,..,..,..,..,..,..,..,..,..,..,..,..,..,..,..,..,..,..,..,..,..,..,..,..,..,..,..,20.03,..,..,..,..,..,..,..,20.03,..,..,..,..,..,..,..,..,..,..,..,..,..,..,..,..,..,..,..,..,..,..,..,..,..,..,..,..,..,..,..,..,..,..,..,..,..,..,..
"....Pangasinan","Corngrain [Maize] Yellow, matured",12.94,12.61,12.54,12.42,12.83,12.62,13.32,..,..,..,..,..,12.75,13.21,14.42,12.82,12.99,12.74,11.84,10.96,..,..,..,..,..,12.71,13.00,13.54,12.46,12.83,13.00,12.50,12.84,..,..,..,..,..,12.88,12.95,12.97,12.50,12.47,12.50,11.90,11.09,..,..,..,..,..,12.34,13.41,13.18,14.58,14.40,14.36,15.91,15.50,..,..,..,..,..,14.48,15.39,15.13,14.53,14.88,14.99,13.44,12.34,..,..,13.47,13.30,14.68,14.22,13.89,13.50,13.03,12.73,13.55,12.05,13.17,..,..,13.00,12.35,13.48,13.08,13.41,14.02,14.12,13.46,13.73,14.58,13.93,13.94,..,..,..,13.71,13.88,19.44,19.67,19.14,19.49,19.25,19.97,19.98,18.96,..,..,..,..,19.49,21.86,21.63,19.99,18.48,18.50,20.02,20.02,10.80,14.00,..,..,..,18.37,..,..,..,..,..,..,..,..,..,..,..,..,..
"....Pangasinan","Green Corn (Maize, green), White",18.83,18.76,18.05,21.55,21.71,19.15,18.47,18.98,19.54,19.51,20.51,21.55,19.72,21.05,20.23,19.82,20.00,19.54,19.93,20.60,19.85,18.20,21.23,20.89,22.49,20.32,19.74,20.10,20.40,20.22,19.40,20.35,19.54,20.86,18.30,19.75,20.16,21.90,20.06,20.31,19.84,19.25,17.56,16.98,18.53,18.42,17.22,18.30,17.39,18.98,20.96,18.65,15.06,19.80,15.04,17.15,19.96,19.84,18.05,..,24.70,..,19.97,19.43,18.90,20.12,20.00,20.32,17.39,16.93,16.11,15.19,18.37,22.42,20.45,20.58,19.79,18.97,13.71,17.36,16.33,16.75,16.19,13.93,15.33,19.01,18.74,20.44,17.61,20.70,17.18,20.31,19.72,18.29,14.83,18.41,15.49,19.35,14.74,14.85,16.51,16.22,19.80,17.38,21.59,20.39,21.17,20.33,19.62,20.22,20.12,19.00,15.12,21.03,30.18,21.57,20.86,23.39,24.16,23.46,25.69,22.04,20.43,20.43,23.23,24.30,27.89,27.61,25.28,23.99,..,..,..,..,..,..,..,..,..,..,..,..,..
"....Pangasinan","Green Corn (Maize, green), Yellow",..,..,..,..,..,..,..,..,..,..,..,..,..,..,..,..,..,..,..,..,..,..,..,..,..,..,..,..,..,..,..,..,..,..,..,..,..,..,..,..,..,..,..,..,..,..,..,..,..,..,..,..,..,..,..,..,..,..,..,..,..,..,..,..,..,..,..,..,..,..,..,..,..,..,..,..,..,..,..,..,..,..,..,..,..,..,..,..,..,..,..,..,..,..,..,..,..,..,..,..,..,..,..,..,..,..,..,..,..,..,..,..,..,..,..,..,..,..,..,..,..,..,..,..,..,..,..,..,..,..,..,..,..,..,..,..,..,..,..,..,..,..,..
"..REGION II (CAGAYAN VALLEY)","Palay [Paddy] Fancy, dry (conv. to 14% mc)",..,..,..,..,..,..,..,..,..,..,..,..,..,..,..,..,..,..,..,..,..,..,..,..,..,..,..,..,..,..,..,..,..,..,..,..,..,..,..,..,..,..,..,..,..,..,..,..,..,..,..,..,..,..,..,..,..,..,..,..,..,..,..,..,..,..,..,..,..,..,..,..,..,..,..,..,..,..,..,..,..,..,..,..,..,..,..,..,..,..,..,..,..,..,..,..,..,..,..,..,..,..,..,..,..,..,..,..,..,..,..,..,..,..,..,..,..,..,..,..,..,..,..,..,..,..,..,..,..,..,..,..,..,..,..,..,..,..,..,..,..,..,..
"..REGION II (CAGAYAN VALLEY)","Palay [Paddy] Other Variety, dry (conv. to 14% mc)",19.42,20.74,21.07,21.36,21.82,22.54,21.85,23.02,21.81,21.19,19.79,18.92,21.13,17.12,16.63,15.83,16.54,16.14,16.88,17.47,16.74,16.38,15.73,15.99,16.28,16.48,16.52,15.81,16.04,16.00,16.59,17.21,17.69,18.40,17.13,16.41,16.72,17.06,16.80,17.86,18.24,17.54,18.15,18.43,18.40,18.18,18.67,17.99,16.81,17.87,18.35,18.04,18.45,18.82,19.67,20.29,20.35,21.02,21.57,23.46,21.78,20.11,20.16,19.98,20.47,20.28,18.07,16.91,17.30,16.05,16.21,16.04,15.94,14.24,14.04,14.20,16.13,16.28,15.75,15.79,17.59,18.72,19.53,19.30,18.32,18.25,15.45,14.85,15.71,16.81,17.17,18.39,18.16,17.89,17.00,17.32,17.56,18.40,18.08,15.68,16.04,17.44,19.20,17.60,18.60,17.81,17.39,16.71,17.48,17.48,18.62,18.68,17.31,17.17,17.37,18.37,17.75,18.01,18.21,19.38,18.63,19.14,18.68,19.66,25.24,21.29,21.30,23.12,24.12,20.57,27.84,26.46,..,..,..,..,..,..,..,..,..,..,..
"..REGION II (CAGAYAN VALLEY)","Corngrain [Maize] White, matured",..,10.76,11.64,..,..,..,..,12.40,..,12.31,..,..,11.78,..,10.95,11.48,11.40,..,..,..,..,..,..,..,..,11.28,..,..,..,11.00,12.03,..,..,..,12.32,..,11.49,..,11.71,..,..,..,..,..,..,..,..,12.04,..,..,..,12.04,..,10.67,10.86,..,..,..,..,..,..,..,..,..,10.77,..,..,..,..,12.26,..,..,..,..,..,..,..,12.26,..,..,..,..,..,..,..,..,..,..,..,..,..,..,..,..,..,..,..,..,..,..,..,..,..,..,..,..,..,..,..,..,..,..,..,..,..,..,..,..,25.96,24.43,23.12,22.55,..,..,24.46,24.66,20.96,22.88,..,23.63,..,..,..,..,..,..,..,..,..,..,..,..,..
"..REGION II (CAGAYAN VALLEY)","Corngrain [Maize] Yellow, matured",11.61,11.82,11.86,12.07,12.74,..,10.02,12.58,13.80,12.80,12.18,12.86,12.21,12.49,12.87,12.52,11.93,11.66,11.35,11.29,11.59,11.35,11.11,10.94,11.54,11.72,12.39,12.30,11.95,12.03,12.23,12.22,..,11.80,11.89,11.65,11.32,12.25,12.00,12.23,12.10,11.52,11.86,11.53,10.83,10.43,10.62,10.46,10.67,10.15,11.08,11.12,11.48,11.24,12.55,13.06,14.69,14.75,14.52,16.54,15.96,14.44,14.06,12.99,13.86,14.58,13.29,13.68,13.65,13.69,11.89,..,12.92,11.73,10.89,10.32,..,12.66,12.95,12.01,12.09,11.93,12.09,12.32,..,13.30,11.18,11.29,11.96,..,12.11,13.63,11.99,12.42,12.87,13.28,14.07,..,12.19,15.57,15.73,17.24,..,13.90,..,15.95,16.72,17.07,17.94,..,..,16.86,17.30,17.91,17.41,..,17.15,..,19.41,18.59,17.41,18.33,..,..,19.61,17.55,17.26,18.48,..,18.33,..,..,..,..,..,..,..,..,..,..,..,..,..
"..REGION II (CAGAYAN VALLEY)","Green Corn (Maize, green), White",10.84,13.29,11.12,..,..,..,11.73,11.24,16.98,..,..,..,12.53,10.85,12.57,12.80,..,..,..,8.58,11.53,11.96,..,..,..,11.38,20.18,9.52,14.53,..,..,..,16.00,17.21,9.09,..,..,..,14.42,10.56,8.65,..,..,..,..,12.39,8.24,12.45,..,..,..,10.46,15.19,22.67,22.35,..,..,..,..,13.12,15.44,..,..,..,17.75,23.53,15.45,15.35,..,..,..,13.33,15.16,14.16,..,..,..,16.16,18.36,15.27,17.00,..,..,..,15.85,25.06,21.60,..,..,..,18.86,15.34,25.13,13.72,14.83,..,..,19.67,19.13,17.97,..,..,..,17.97,21.29,17.40,20.50,..,..,..,17.62,14.98,..,..,..,..,18.36,..,34.94,37.05,..,..,..,29.10,21.46,20.00,..,..,..,28.51,..,..,..,..,..,..,..,..,..,..,..,..,..
"..REGION II (CAGAYAN VALLEY)","Green Corn (Maize, green), Yellow",..,..,..,..,..,..,..,..,..,..,..,..,..,..,..,..,..,..,..,..,..,..,..,..,..,..,..,..,..,..,..,..,..,..,..,..,..,..,..,..,..,..,..,..,..,..,..,..,..,..,..,..,..,..,..,..,..,..,..,..,..,..,..,..,..,..,..,..,..,..,..,..,..,..,..,..,..,..,..,..,..,..,..,..,..,..,..,..,..,..,..,..,..,..,..,..,..,..,..,..,..,..,..,..,..,..,..,..,..,..,..,..,..,..,..,..,..,..,..,..,..,..,..,..,..,..,..,..,..,..,..,..,..,..,..,..,..,..,..,..,..,..,..
"....Batanes","Palay [Paddy] Fancy, dry (conv. to 14% mc)",..,..,..,..,..,..,..,..,..,..,..,..,..,..,..,..,..,..,..,..,..,..,..,..,..,..,..,..,..,..,..,..,..,..,..,..,..,..,..,..,..,..,..,..,..,..,..,..,..,..,..,..,..,..,..,..,..,..,..,..,..,..,..,..,..,..,..,..,..,..,..,..,..,..,..,..,..,..,..,..,..,..,..,..,..,..,..,..,..,..,..,..,..,..,..,..,..,..,..,..,..,..,..,..,..,..,..,..,..,..,..,..,..,..,..,..,..,..,..,..,..,..,..,..,..,..,..,..,..,..,..,..,..,..,..,..,..,..,..,..,..,..,..
"....Batanes","Palay [Paddy] Other Variety, dry (conv. to 14% mc)",..,..,..,..,..,..,..,..,..,..,..,..,..,..,..,..,..,..,..,..,..,..,..,..,..,..,..,..,..,..,..,..,..,..,..,..,..,..,..,..,..,..,..,..,..,..,..,..,..,..,..,..,..,..,..,..,..,..,..,..,..,..,..,..,..,..,..,..,..,..,..,..,..,..,..,..,..,..,..,..,..,..,..,..,..,..,..,..,..,..,..,..,..,..,..,..,..,..,..,..,..,..,..,..,..,..,..,..,..,..,..,..,..,..,..,..,..,..,..,..,..,..,..,..,..,..,..,..,..,..,..,..,..,..,..,..,..,..,..,..,..,..,..
"....Batanes","Corngrain [Maize] White, matured",..,..,..,..,..,..,..,..,..,..,..,..,..,..,..,..,..,..,..,..,..,..,..,..,..,..,..,..,..,..,..,..,..,..,..,..,..,..,..,..,..,..,..,..,..,..,..,..,..,..,..,..,..,..,..,..,..,..,..,..,..,..,..,..,..,..,..,..,..,..,..,..,..,..,..,..,..,..,..,..,..,..,..,..,..,..,..,..,..,..,..,..,..,..,..,..,..,..,..,..,..,..,..,..,..,..,..,..,..,..,..,..,..,..,..,..,..,..,..,..,..,..,..,..,..,..,..,..,..,..,..,..,..,..,..,..,..,..,..,..,..,..,..
"....Batanes","Corngrain [Maize] Yellow, matured",..,..,..,..,..,..,..,..,..,..,..,..,..,..,..,..,..,..,..,..,..,..,..,..,..,..,..,..,..,..,..,..,..,..,..,..,..,..,..,..,..,..,..,..,..,..,..,..,..,..,..,..,..,..,..,..,..,..,..,..,..,..,..,..,..,..,..,..,..,..,..,..,..,..,..,..,..,..,..,..,..,..,..,..,..,..,..,..,..,..,..,..,..,..,..,..,..,..,..,..,..,..,..,..,..,..,..,..,..,..,..,..,..,..,..,..,..,..,..,..,..,..,..,..,..,..,..,..,..,..,..,..,..,..,..,..,..,..,..,..,..,..,..
"....Batanes","Green Corn (Maize, green), White",..,..,..,..,..,..,..,..,..,..,..,..,..,..,..,..,..,..,..,..,..,..,..,..,..,..,..,..,..,..,..,..,..,..,..,..,..,..,..,..,..,..,..,..,..,..,..,..,..,..,..,..,..,..,..,..,..,..,..,..,..,..,..,..,..,..,..,..,..,..,..,..,..,..,..,..,..,..,..,..,..,..,..,..,..,..,..,..,..,..,..,..,..,..,..,..,..,..,..,..,..,..,..,..,..,..,..,..,..,..,..,..,..,..,..,..,..,..,..,..,..,..,..,..,..,..,..,..,..,..,..,..,..,..,..,..,..,..,..,..,..,..,..
"....Batanes","Green Corn (Maize, green), Yellow",..,..,..,..,..,..,..,..,..,..,..,..,..,..,..,..,..,..,..,..,..,..,..,..,..,..,..,..,..,..,..,..,..,..,..,..,..,..,..,..,..,..,..,..,..,..,..,..,..,..,..,..,..,..,..,..,..,..,..,..,..,..,..,..,..,..,..,..,..,..,..,..,..,..,..,..,..,..,..,..,..,..,..,..,..,..,..,..,..,..,..,..,..,..,..,..,..,..,..,..,..,..,..,..,..,..,..,..,..,..,..,..,..,..,..,..,..,..,..,..,..,..,..,..,..,..,..,..,..,..,..,..,..,..,..,..,..,..,..,..,..,..,..
"....Cagayan","Palay [Paddy] Fancy, dry (conv. to 14% mc)",..,..,..,..,..,..,..,..,..,..,..,..,..,..,..,..,..,..,..,..,..,..,..,..,..,..,..,..,..,..,..,..,..,..,..,..,..,..,..,..,..,..,..,..,..,..,..,..,..,..,..,..,..,..,..,..,..,..,..,..,..,..,..,..,..,..,..,..,..,..,..,..,..,..,..,..,..,..,..,..,..,..,..,..,..,..,..,..,..,..,..,..,..,..,..,..,..,..,..,..,..,..,..,..,..,..,..,..,..,..,..,..,..,..,..,..,..,..,..,..,..,..,..,..,..,..,..,..,..,..,..,..,..,..,..,..,..,..,..,..,..,..,..
"....Cagayan","Palay [Paddy] Other Variety, dry (conv. to 14% mc)",20.72,22.09,21.55,21.64,22.11,23.26,22.73,23.00,22.98,21.95,19.68,19.07,21.73,15.13,16.88,15.09,15.66,15.78,16.66,17.61,16.27,16.13,15.64,15.93,15.75,16.04,16.56,15.93,15.72,15.80,15.92,16.27,17.35,19.81,17.43,15.57,15.93,15.40,16.47,16.85,17.53,17.61,18.51,17.16,17.73,19.35,18.56,17.95,17.52,18.10,19.23,18.01,18.38,19.12,20.17,20.83,20.55,21.13,21.09,23.18,21.52,20.03,20.23,19.63,20.49,..,..,16.01,16.15,15.55,14.62,..,..,13.56,13.37,14.22,..,14.78,..,..,18.43,19.13,19.41,19.34,..,..,14.97,14.92,16.99,..,17.60,..,..,17.88,17.08,17.28,17.08,..,..,16.46,15.82,17.55,..,17.02,..,..,17.65,16.79,16.67,14.82,..,..,17.30,17.62,16.23,..,16.73,..,..,20.24,18.58,19.55,..,..,..,21.05,21.62,21.56,..,20.43,..,26.20,..,..,..,..,..,..,..,..,..,..,..
"....Cagayan","Corngrain [Maize] White, matured",..,10.76,11.64,..,..,..,..,12.40,..,12.31,..,..,11.78,..,10.95,11.48,11.40,..,..,..,..,..,..,..,..,11.28,..,..,..,11.00,12.03,..,..,..,12.32,..,11.49,..,11.71,..,..,..,..,..,..,..,..,12.04,..,..,..,12.04,..,10.67,10.86,..,..,..,..,..,..,..,..,..,10.77,..,..,..,..,12.26,..,..,..,..,..,..,..,12.26,..,..,..,..,..,..,..,..,..,..,..,..,..,..,..,..,..,..,..,..,..,..,..,..,..,..,..,..,..,..,..,..,..,..,..,..,..,..,..,..,..,..,..,..,..,..,..,..,..,..,..,..,..,..,..,..,..,..,..,..,..,..,..,..,..
"....Cagayan","Corngrain [Maize] Yellow, matured",..,11.43,11.73,11.97,..,..,..,13.58,13.44,12.86,..,..,12.50,..,12.19,12.03,11.78,11.16,11.35,11.29,11.78,11.10,11.13,10.94,..,11.48,..,12.60,11.55,11.85,11.97,12.22,..,12.37,12.28,11.65,12.20,..,12.08,..,12.52,11.67,11.74,11.48,10.83,10.43,10.49,10.38,10.52,10.24,..,11.03,..,12.88,13.14,13.55,14.84,14.70,14.52,17.46,16.60,14.53,13.93,..,14.62,..,13.66,14.30,14.20,..,11.89,..,13.41,12.31,10.85,..,..,12.95,..,13.09,12.51,12.16,12.04,12.32,..,13.93,11.49,10.96,..,..,12.31,..,12.79,12.58,12.96,13.74,14.07,..,..,18.66,16.48,..,..,14.47,..,16.66,18.03,17.93,18.03,..,..,18.56,18.19,18.64,..,..,18.01,..,19.35,19.43,18.46,17.76,..,..,..,17.61,17.55,..,..,18.36,..,..,..,..,..,..,..,..,..,..,..,..,..
"....Cagayan","Green Corn (Maize, green), White",10.84,13.29,11.12,..,..,..,11.73,11.24,16.98,..,..,..,12.53,10.85,12.57,12.80,..,..,..,8.58,11.53,11.96,..,..,..,11.38,20.18,9.52,14.53,..,..,..,16.00,17.21,9.09,..,..,..,14.42,10.56,8.65,..,..,..,..,12.39,8.24,12.45,..,..,..,10.46,15.19,22.67,22.35,..,..,..,..,13.12,15.44,..,..,..,17.75,23.53,15.45,15.35,..,..,..,13.33,15.16,14.16,..,..,..,16.16,18.36,15.27,17.00,..,..,..,15.85,25.06,21.60,..,..,..,18.86,15.34,25.13,13.72,14.83,..,..,19.67,19.13,17.97,..,..,..,17.97,21.29,17.40,20.50,..,..,..,17.62,14.98,..,..,..,..,18.36,..,34.94,37.05,..,..,..,29.10,21.46,20.00,..,..,..,28.51,..,..,..,..,..,..,..,..,..,..,..,..,..
"....Cagayan","Green Corn (Maize, green), Yellow",..,..,..,..,..,..,..,..,..,..,..,..,..,..,..,..,..,..,..,..,..,..,..,..,..,..,..,..,..,..,..,..,..,..,..,..,..,..,..,..,..,..,..,..,..,..,..,..,..,..,..,..,..,..,..,..,..,..,..,..,..,..,..,..,..,..,..,..,..,..,..,..,..,..,..,..,..,..,..,..,..,..,..,..,..,..,..,..,..,..,..,..,..,..,..,..,..,..,..,..,..,..,..,..,..,..,..,..,..,..,..,..,..,..,..,..,..,..,..,..,..,..,..,..,..,..,..,..,..,..,..,..,..,..,..,..,..,..,..,..,..,..,..
"....Isabela","Palay [Paddy] Fancy, dry (conv. to 14% mc)",..,..,..,..,..,..,..,..,..,..,..,..,..,..,..,..,..,..,..,..,..,..,..,..,..,..,..,..,..,..,..,..,..,..,..,..,..,..,..,..,..,..,..,..,..,..,..,..,..,..,..,..,..,..,..,..,..,..,..,..,..,..,..,..,..,..,..,..,..,..,..,..,..,..,..,..,..,..,..,..,..,..,..,..,..,..,..,..,..,..,..,..,..,..,..,..,..,..,..,..,..,..,..,..,..,..,..,..,..,..,..,..,..,..,..,..,..,..,..,..,..,..,..,..,..,..,..,..,..,..,..,..,..,..,..,..,..,..,..,..,..,..,..
"....Isabela","Palay [Paddy] Other Variety, dry (conv. to 14% mc)",19.53,20.65,20.74,20.61,21.41,21.85,21.66,22.13,20.86,20.30,20.39,19.18,20.78,18.58,16.16,15.61,17.35,15.37,17.10,17.36,17.58,17.07,15.75,15.98,16.82,16.73,16.82,15.24,15.53,15.52,17.59,18.80,19.21,19.01,16.87,16.11,15.64,19.46,17.15,21.89,17.55,17.92,17.87,20.19,20.05,17.64,19.96,17.44,16.94,17.52,18.75,18.64,19.21,18.68,19.27,19.49,20.59,22.31,22.81,24.58,21.81,20.36,20.68,21.03,20.90,21.02,17.52,15.73,17.54,17.58,17.33,17.19,15.75,14.37,13.65,14.52,16.32,16.54,16.37,16.19,17.33,18.30,19.99,19.84,19.07,18.27,15.99,14.06,15.94,18.83,17.52,18.51,18.38,18.15,17.75,18.38,19.00,19.48,18.61,16.12,17.23,19.08,20.47,18.43,19.19,17.34,18.13,16.76,18.80,18.79,19.56,19.60,17.64,17.75,18.34,19.46,18.45,..,19.18,19.43,18.92,19.23,..,..,25.87,23.05,22.48,25.07,..,21.65,..,25.67,..,..,..,..,..,..,..,..,..,..,..
"....Isabela","Corngrain [Maize] White, matured",..,..,..,..,..,..,..,..,..,..,..,..,..,..,..,..,..,..,..,..,..,..,..,..,..,..,..,..,..,..,..,..,..,..,..,..,..,..,..,..,..,..,..,..,..,..,..,..,..,..,..,..,..,..,..,..,..,..,..,..,..,..,..,..,..,..,..,..,..,..,..,..,..,..,..,..,..,..,..,..,..,..,..,..,..,..,..,..,..,..,..,..,..,..,..,..,..,..,..,..,..,..,..,..,..,..,..,..,..,..,..,..,..,..,..,..,..,..,..,22.69,22.30,22.55,..,..,24.60,25.16,..,..,..,23.46,..,..,..,..,..,..,..,..,..,..,..,..,..
"....Isabela","Corngrain [Maize] Yellow, matured",11.46,12.48,12.09,12.36,..,..,..,14.20,14.29,13.74,..,12.86,12.94,12.92,13.34,13.16,12.28,..,..,..,12.36,12.20,11.95,..,11.54,12.47,12.39,12.43,12.42,12.53,..,..,..,12.81,12.66,12.68,..,12.22,12.52,12.24,12.67,11.97,12.51,..,..,..,11.19,11.01,11.03,..,11.08,11.71,11.48,10.92,14.04,13.76,..,..,..,18.13,18.11,15.64,..,14.82,14.61,14.58,14.23,14.30,14.73,..,..,..,13.59,12.87,11.66,..,..,13.71,12.95,12.87,12.33,12.54,..,..,..,14.99,12.23,12.19,..,..,12.87,13.63,13.27,13.35,13.31,..,..,..,..,14.21,16.90,..,..,14.11,..,18.32,18.55,18.71,..,..,..,19.06,19.05,20.00,..,..,18.95,..,21.16,19.98,19.20,19.40,..,..,19.00,18.17,18.02,18.67,..,19.20,..,..,..,..,..,..,..,..,..,..,..,..,..
"....Isabela","Green Corn (Maize, green), White",..,..,..,..,..,..,..,..,..,..,..,..,..,..,..,..,..,..,..,..,..,..,..,..,..,..,..,..,..,..,..,..,..,..,..,..,..,..,..,..,..,..,..,..,..,..,..,..,..,..,..,..,..,..,..,..,..,..,..,..,..,..,..,..,..,..,..,..,..,..,..,..,..,..,..,..,..,..,..,..,..,..,..,..,..,..,..,..,..,..,..,..,..,..,..,..,..,..,..,..,..,..,..,..,..,..,..,..,..,..,..,..,..,..,..,..,..,..,..,..,..,..,..,..,..,..,..,..,..,..,..,..,..,..,..,..,..,..,..,..,..,..,..
"....Isabela","Green Corn (Maize, green), Yellow",..,..,..,..,..,..,..,..,..,..,..,..,..,..,..,..,..,..,..,..,..,..,..,..,..,..,..,..,..,..,..,..,..,..,..,..,..,..,..,..,..,..,..,..,..,..,..,..,..,..,..,..,..,..,..,..,..,..,..,..,..,..,..,..,..,..,..,..,..,..,..,..,..,..,..,..,..,..,..,..,..,..,..,..,..,..,..,..,..,..,..,..,..,..,..,..,..,..,..,..,..,..,..,..,..,..,..,..,..,..,..,..,..,..,..,..,..,..,..,..,..,..,..,..,..,..,..,..,..,..,..,..,..,..,..,..,..,..,..,..,..,..,..
"....Nueva Vizcaya","Palay [Paddy] Fancy, dry (conv. to 14% mc)",..,..,..,..,..,..,..,..,..,..,..,..,..,..,..,..,..,..,..,..,..,..,..,..,..,..,..,..,..,..,..,..,..,..,..,..,..,..,..,..,..,..,..,..,..,..,..,..,..,..,..,..,..,..,..,..,..,..,..,..,..,..,..,..,..,..,..,..,..,..,..,..,..,..,..,..,..,..,..,..,..,..,..,..,..,..,..,..,..,..,..,..,..,..,..,..,..,..,..,..,..,..,..,..,..,..,..,..,..,..,..,..,..,..,..,..,..,..,..,..,..,..,..,..,..,..,..,..,..,..,..,..,..,..,..,..,..,..,..,..,..,..,..
"....Nueva Vizcaya","Palay [Paddy] Other Variety, dry (conv. to 14% mc)",17.72,19.49,19.58,20.73,22.50,22.52,21.17,23.92,21.08,20.48,17.87,17.60,20.39,17.22,17.11,16.54,16.38,16.80,16.89,17.43,16.37,16.24,15.56,16.06,16.08,16.56,16.06,16.43,16.58,16.40,16.33,17.08,16.50,16.37,16.75,16.54,17.63,16.20,16.57,14.92,18.76,16.63,17.38,17.73,17.41,17.56,17.28,17.04,14.57,17.00,16.54,16.90,17.75,18.67,18.88,19.55,19.89,20.07,20.81,22.62,23.19,19.16,18.15,20.02,19.90,19.53,18.61,18.20,17.60,15.03,16.67,14.89,16.13,15.24,15.16,13.63,15.94,16.39,15.13,15.38,17.83,18.80,19.19,18.72,17.56,18.23,16.29,15.36,15.26,14.78,16.88,18.27,17.93,17.64,15.89,16.30,16.61,17.31,17.55,16.31,15.59,17.16,17.92,17.04,18.01,18.27,16.75,16.67,16.98,18.84,17.67,17.76,18.02,16.63,17.75,17.27,17.55,18.01,17.24,18.58,18.02,18.64,18.68,19.66,24.61,20.99,20.25,22.14,24.12,20.08,27.84,27.52,..,..,..,..,..,..,..,..,..,..,..
"....Nueva Vizcaya","Corngrain [Maize] White, matured",..,..,..,..,..,..,..,..,..,..,..,..,..,..,..,..,..,..,..,..,..,..,..,..,..,..,..,..,..,..,..,..,..,..,..,..,..,..,..,..,..,..,..,..,..,..,..,..,..,..,..,..,..,..,..,..,..,..,..,..,..,..,..,..,..,..,..,..,..,..,..,..,..,..,..,..,..,..,..,..,..,..,..,..,..,..,..,..,..,..,..,..,..,..,..,..,..,..,..,..,..,..,..,..,..,..,..,..,..,..,..,..,..,..,..,..,..,..,25.96,30.60,28.14,..,..,..,24.31,24.15,20.96,22.88,..,25.29,..,..,..,..,..,..,..,..,..,..,..,..,..
"....Nueva Vizcaya","Corngrain [Maize] Yellow, matured",11.75,11.38,11.75,11.84,..,..,10.02,9.96,13.63,12.52,..,..,11.61,12.54,13.00,12.38,11.15,..,..,..,10.23,10.76,9.36,..,..,11.35,..,11.46,11.58,11.31,..,..,..,10.23,10.14,10.01,9.14,..,10.55,..,10.74,10.21,11.66,..,..,..,10.32,10.50,10.77,..,..,10.70,..,9.92,10.80,12.08,..,..,..,14.03,14.29,13.14,..,..,12.38,..,11.98,11.97,11.47,..,..,..,11.75,10.58,9.95,..,..,11.28,..,10.06,11.48,11.04,..,..,..,10.99,9.64,10.51,..,..,10.62,..,9.92,11.54,12.96,..,..,..,12.19,12.10,12.50,..,..,11.87,..,12.88,12.61,13.79,..,..,..,12.95,13.99,13.51,14.81,..,13.51,..,17.71,16.63,14.74,..,..,..,20.22,17.02,15.89,18.08,..,17.18,..,..,..,..,..,..,..,..,..,..,..,..,..
"....Nueva Vizcaya","Green Corn (Maize, green), White",..,..,..,..,..,..,..,..,..,..,..,..,..,..,..,..,..,..,..,..,..,..,..,..,..,..,..,..,..,..,..,..,..,..,..,..,..,..,..,..,..,..,..,..,..,..,..,..,..,..,..,..,..,..,..,..,..,..,..,..,..,..,..,..,..,..,..,..,..,..,..,..,..,..,..,..,..,..,..,..,..,..,..,..,..,..,..,..,..,..,..,..,..,..,..,..,..,..,..,..,..,..,..,..,..,..,..,..,..,..,..,..,..,..,..,..,..,..,..,..,..,..,..,..,..,..,..,..,..,..,..,..,..,..,..,..,..,..,..,..,..,..,..
"....Nueva Vizcaya","Green Corn (Maize, green), Yellow",..,..,..,..,..,..,..,..,..,..,..,..,..,..,..,..,..,..,..,..,..,..,..,..,..,..,..,..,..,..,..,..,..,..,..,..,..,..,..,..,..,..,..,..,..,..,..,..,..,..,..,..,..,..,..,..,..,..,..,..,..,..,..,..,..,..,..,..,..,..,..,..,..,..,..,..,..,..,..,..,..,..,..,..,..,..,..,..,..,..,..,..,..,..,..,..,..,..,..,..,..,..,..,..,..,..,..,..,..,..,..,..,..,..,..,..,..,..,..,..,..,..,..,..,..,..,..,..,..,..,..,..,..,..,..,..,..,..,..,..,..,..,..
"....Quirino","Palay [Paddy] Fancy, dry (conv. to 14% mc)",..,..,..,..,..,..,..,..,..,..,..,..,..,..,..,..,..,..,..,..,..,..,..,..,..,..,..,..,..,..,..,..,..,..,..,..,..,..,..,..,..,..,..,..,..,..,..,..,..,..,..,..,..,..,..,..,..,..,..,..,..,..,..,..,..,..,..,..,..,..,..,..,..,..,..,..,..,..,..,..,..,..,..,..,..,..,..,..,..,..,..,..,..,..,..,..,..,..,..,..,..,..,..,..,..,..,..,..,..,..,..,..,..,..,..,..,..,..,..,..,..,..,..,..,..,..,..,..,..,..,..,..,..,..,..,..,..,..,..,..,..,..,..
"....Quirino","Palay [Paddy] Other Variety, dry (conv. to 14% mc)",19.69,20.72,22.41,22.44,21.27,..,..,..,22.30,22.04,21.22,19.83,21.32,17.55,16.37,16.06,16.76,16.62,..,..,..,16.08,15.97,..,16.46,16.48,16.63,15.64,16.33,16.28,16.50,16.69,..,..,17.46,17.40,17.66,17.19,16.78,17.77,19.13,17.99,18.84,18.64,..,..,18.86,19.51,18.21,18.85,18.86,18.67,..,..,20.36,21.30,20.37,20.57,..,..,20.60,20.87,21.56,19.24,20.61,..,..,17.70,17.90,..,..,..,..,13.80,13.99,14.43,..,15.56,..,..,16.78,18.65,..,..,..,..,14.55,15.05,14.64,..,15.93,..,..,17.90,17.27,..,..,..,..,13.82,15.51,15.97,..,16.09,..,..,17.04,16.60,..,..,..,..,16.27,16.67,17.14,..,16.74,..,..,19.26,19.01,..,..,..,..,20.08,20.83,23.71,..,20.58,..,..,..,..,..,..,..,..,..,..,..,..,..
"....Quirino","Corngrain [Maize] White, matured",..,..,..,..,..,..,..,..,..,..,..,..,..,..,..,..,..,..,..,..,..,..,..,..,..,..,..,..,..,..,..,..,..,..,..,..,..,..,..,..,..,..,..,..,..,..,..,..,..,..,..,..,..,..,..,..,..,..,..,..,..,..,..,..,..,..,..,..,..,..,..,..,..,..,..,..,..,..,..,..,..,..,..,..,..,..,..,..,..,..,..,..,..,..,..,..,..,..,..,..,..,..,..,..,..,..,..,..,..,..,..,..,..,..,..,..,..,..,..,20.00,18.93,..,..,..,..,..,..,..,..,19.47,..,..,..,..,..,..,..,..,..,..,..,..,..
"....Quirino","Corngrain [Maize] Yellow, matured",..,12.00,11.88,12.11,12.74,..,..,..,13.82,12.09,12.18,..,12.40,12.00,12.93,12.52,12.50,12.16,..,..,12.00,11.32,12.01,..,..,12.18,..,12.72,12.24,12.44,12.48,..,..,..,12.47,12.27,12.62,12.27,12.44,12.21,12.47,12.21,11.54,11.57,..,..,10.48,9.93,10.37,10.06,..,11.20,..,..,12.21,12.84,14.53,14.79,..,..,14.85,14.45,14.18,11.15,13.63,..,..,14.15,14.18,13.69,..,..,..,11.15,11.09,10.32,..,12.43,..,..,12.03,11.97,12.13,..,..,..,11.37,11.51,11.96,..,11.83,..,..,12.20,12.26,12.82,..,..,..,17.30,17.02,17.24,..,14.81,..,..,17.69,17.83,17.84,..,..,..,17.95,19.50,20.00,..,18.47,..,..,18.32,17.24,17.84,..,..,..,17.39,17.58,18.69,..,17.84,..,..,..,..,..,..,..,..,..,..,..,..,..
"....Quirino","Green Corn (Maize, green), White",..,..,..,..,..,..,..,..,..,..,..,..,..,..,..,..,..,..,..,..,..,..,..,..,..,..,..,..,..,..,..,..,..,..,..,..,..,..,..,..,..,..,..,..,..,..,..,..,..,..,..,..,..,..,..,..,..,..,..,..,..,..,..,..,..,..,..,..,..,..,..,..,..,..,..,..,..,..,..,..,..,..,..,..,..,..,..,..,..,..,..,..,..,..,..,..,..,..,..,..,..,..,..,..,..,..,..,..,..,..,..,..,..,..,..,..,..,..,..,..,..,..,..,..,..,..,..,..,..,..,..,..,..,..,..,..,..,..,..,..,..,..,..
"....Quirino","Green Corn (Maize, green), Yellow",..,..,..,..,..,..,..,..,..,..,..,..,..,..,..,..,..,..,..,..,..,..,..,..,..,..,..,..,..,..,..,..,..,..,..,..,..,..,..,..,..,..,..,..,..,..,..,..,..,..,..,..,..,..,..,..,..,..,..,..,..,..,..,..,..,..,..,..,..,..,..,..,..,..,..,..,..,..,..,..,..,..,..,..,..,..,..,..,..,..,..,..,..,..,..,..,..,..,..,..,..,..,..,..,..,..,..,..,..,..,..,..,..,..,..,..,..,..,..,..,..,..,..,..,..,..,..,..,..,..,..,..,..,..,..,..,..,..,..,..,..,..,..
"..REGION III (CENTRAL LUZON)","Palay [Paddy] Fancy, dry (conv. to 14% mc)",..,..,..,..,..,..,..,..,..,..,..,..,..,..,..,..,..,..,..,..,..,..,..,..,..,..,..,..,..,..,..,..,..,..,..,..,..,..,..,..,..,..,..,..,..,..,..,..,..,..,..,..,..,..,..,..,..,..,..,..,..,26.76,28.90,28.00,27.89,23.00,27.34,26.95,26.68,23.91,23.67,22.55,21.82,19.69,18.00,18.56,19.73,22.66,17.69,18.97,17.91,18.00,18.92,19.00,20.33,18.93,19.02,20.65,20.10,21.00,19.21,24.19,21.71,23.74,23.74,25.00,..,19.27,..,18.58,17.25,21.14,21.14,21.58,20.34,19.81,20.54,19.69,16.83,18.23,18.20,..,16.94,19.53,19.30,21.77,19.20,..,20.19,22.17,21.89,21.74,23.74,..,..,21.00,23.32,23.66,27.48,22.80,30.78,29.56,..,..,..,..,..,..,..,..,..,..,..
"..REGION III (CENTRAL LUZON)","Palay [Paddy] Other Variety, dry (conv. to 14% mc)",20.43,21.02,22.32,22.16,21.80,22.81,23.28,24.18,23.15,20.57,21.24,20.97,21.99,19.24,17.89,17.68,17.04,17.85,18.68,18.82,18.89,18.70,17.32,17.78,17.97,18.16,17.51,16.63,16.65,17.03,17.28,16.83,17.91,18.47,17.44,16.64,17.18,18.44,17.33,18.04,19.17,18.52,18.72,19.26,19.29,18.58,18.49,18.21,17.75,18.24,18.71,18.58,19.27,20.36,20.52,20.40,20.79,20.95,19.80,22.80,22.54,20.53,20.11,20.83,20.74,19.25,18.25,17.72,17.25,16.19,15.77,15.83,14.65,14.73,14.60,14.78,15.83,16.24,15.44,17.04,16.81,17.50,18.39,17.00,17.28,16.77,15.02,15.13,15.65,16.37,16.53,17.76,19.45,19.29,17.81,17.56,16.94,16.56,17.67,16.53,16.09,16.68,16.68,17.42,17.63,18.23,18.76,18.04,17.82,17.66,17.18,17.63,16.10,17.72,17.47,17.53,17.65,19.00,19.35,19.87,20.02,20.07,20.98,21.04,27.54,20.96,20.70,23.38,21.91,21.24,27.87,26.56,..,..,..,..,..,..,..,..,..,..,..
"..REGION III (CENTRAL LUZON)","Corngrain [Maize] White, matured",..,..,..,..,..,..,..,..,..,..,..,..,..,..,..,..,..,..,..,..,..,..,..,..,..,..,..,..,..,..,..,..,..,..,..,..,..,..,..,..,..,..,..,..,..,..,..,..,..,..,..,..,..,..,..,..,..,..,..,..,..,..,..,..,..,..,..,..,..,..,..,..,..,..,..,..,..,..,..,..,..,..,..,..,..,..,..,..,..,..,..,..,..,..,..,..,..,..,..,..,..,..,..,..,..,..,..,..,..,..,..,..,..,..,..,..,..,..,..,..,..,..,..,..,..,..,..,..,..,..,..,..,..,..,..,..,..,..,..,..,..,..,..
"..REGION III (CENTRAL LUZON)","Corngrain [Maize] Yellow, matured",12.90,12.89,12.58,11.81,11.58,13.02,12.80,12.96,13.79,12.26,11.79,11.52,12.49,12.89,11.45,10.63,12.32,11.88,11.40,10.14,9.85,9.74,9.27,9.61,9.21,10.70,11.66,10.99,11.59,10.43,10.73,10.19,10.13,8.80,8.56,7.79,9.48,9.83,10.02,8.00,11.51,11.71,11.27,10.55,8.75,9.37,7.93,9.05,8.64,6.57,6.74,9.17,7.67,10.86,11.17,13.03,12.36,12.94,11.87,11.90,12.61,13.24,13.00,..,11.88,11.92,12.19,12.11,11.36,12.42,11.00,8.49,10.90,10.71,10.60,8.46,10.00,10.85,..,11.36,10.88,10.96,10.94,10.48,11.77,13.49,10.64,8.93,10.35,..,10.98,11.47,11.80,11.32,11.06,11.40,11.38,10.93,14.06,14.46,14.41,15.26,16.47,12.84,12.20,14.32,15.39,16.62,15.20,15.97,13.32,15.73,13.96,14.79,15.75,17.93,15.10,20.43,16.75,17.25,16.31,16.73,15.45,15.03,13.87,14.81,14.82,..,..,16.15,..,..,..,..,..,..,..,..,..,..,..,..,..
"..REGION III (CENTRAL LUZON)","Green Corn (Maize, green), White",22.51,18.57,17.60,16.43,16.11,17.39,21.92,22.94,21.06,20.92,26.46,26.23,20.68,16.89,16.07,17.01,15.32,15.08,17.26,19.76,20.06,22.00,18.34,21.61,18.51,18.16,21.02,18.91,20.33,17.59,18.95,23.13,21.87,19.98,22.05,23.97,22.21,22.84,21.07,18.97,15.89,17.83,16.33,16.51,19.80,17.81,21.90,20.51,21.47,22.59,20.08,19.14,19.79,17.63,19.97,17.09,15.30,16.73,21.36,21.47,21.71,20.53,24.43,22.91,19.91,16.42,17.97,21.83,17.84,24.83,18.53,15.46,16.74,17.59,22.90,20.48,21.53,19.34,20.15,19.08,21.97,21.35,20.49,19.82,21.75,12.47,13.78,21.09,24.85,25.18,20.17,26.70,25.36,26.02,20.73,19.43,19.61,23.67,31.43,24.52,26.75,25.33,24.74,24.52,29.02,29.20,27.91,26.93,25.45,26.22,23.90,23.65,22.96,27.86,31.51,28.83,26.95,35.61,31.15,31.99,31.53,28.01,27.38,26.33,27.16,25.40,25.07,25.00,26.72,28.45,..,..,..,..,..,..,..,..,..,..,..,..,..
"..REGION III (CENTRAL LUZON)","Green Corn (Maize, green), Yellow",..,..,..,..,..,..,..,..,..,..,..,..,..,..,..,..,..,..,..,..,..,..,..,..,..,..,..,..,..,..,..,..,..,..,..,..,..,..,..,..,..,..,..,..,..,..,..,..,..,..,..,..,..,..,..,..,..,..,..,..,..,..,..,..,..,..,..,..,..,..,..,..,..,..,..,..,..,..,..,..,..,..,..,..,..,..,..,..,..,..,..,..,..,..,..,..,..,..,..,..,..,..,..,..,..,..,..,..,..,..,..,..,..,..,..,..,..,..,..,..,..,..,..,..,..,..,..,..,..,..,..,..,..,..,..,..,..,..,..,..,..,..,..
"....Aurora","Palay [Paddy] Fancy, dry (conv. to 14% mc)",..,..,..,..,..,..,..,..,..,..,..,..,..,..,..,..,..,..,..,..,..,..,..,..,..,..,..,..,..,..,..,..,..,..,..,..,..,..,..,..,..,..,..,..,..,..,..,..,..,..,..,..,..,..,..,..,..,..,..,..,..,..,..,..,..,..,..,..,..,..,..,..,..,..,..,..,..,..,..,..,..,..,..,..,..,..,..,..,..,..,..,..,..,..,..,..,..,..,..,..,..,..,..,..,..,..,..,..,..,..,..,..,..,..,..,..,..,..,..,..,..,..,..,..,..,..,..,..,..,..,..,..,..,..,..,..,..,..,..,..,..,..,..
"....Aurora","Palay [Paddy] Other Variety, dry (conv. to 14% mc)",19.30,18.72,21.15,18.45,18.65,20.94,20.00,23.05,21.75,19.38,20.53,20.52,20.20,14.71,15.69,14.06,14.32,16.02,18.24,18.49,16.70,18.74,14.46,15.66,15.45,16.05,15.45,15.14,14.45,14.37,14.85,13.54,15.56,16.13,15.92,14.27,14.35,15.81,14.99,14.75,16.24,16.35,16.22,16.05,15.86,17.01,17.64,16.75,15.59,14.99,17.12,16.21,17.37,19.53,19.08,19.33,18.91,18.69,17.93,22.00,21.92,19.86,20.11,19.58,19.53,17.99,16.45,15.73,16.25,15.51,14.63,14.60,14.84,14.06,14.27,13.26,13.35,15.08,14.07,16.82,16.03,17.07,17.24,17.98,16.20,16.59,15.22,14.34,13.34,13.38,15.69,16.39,17.53,18.42,16.79,16.80,16.51,15.08,15.16,16.46,15.90,15.17,15.09,16.28,16.77,17.21,18.65,15.96,15.71,16.58,16.63,16.81,16.66,16.56,16.22,15.18,16.58,16.65,16.70,18.24,19.37,19.19,20.62,20.57,24.99,21.20,21.57,22.01,16.85,19.83,25.90,25.65,..,..,..,..,..,..,..,..,..,..,..
"....Aurora","Corngrain [Maize] White, matured",..,..,..,..,..,..,..,..,..,..,..,..,..,..,..,..,..,..,..,..,..,..,..,..,..,..,..,..,..,..,..,..,..,..,..,..,..,..,..,..,..,..,..,..,..,..,..,..,..,..,..,..,..,..,..,..,..,..,..,..,..,..,..,..,..,..,..,..,..,..,..,..,..,..,..,..,..,..,..,..,..,..,..,..,..,..,..,..,..,..,..,..,..,..,..,..,..,..,..,..,..,..,..,..,..,..,..,..,..,..,..,..,..,..,..,..,..,..,..,..,..,..,..,..,..,..,..,..,..,..,..,..,..,..,..,..,..,..,..,..,..,..,..
"....Aurora","Corngrain [Maize] Yellow, matured",13.79,13.42,14.02,12.77,12.42,13.10,12.80,12.96,13.79,12.26,11.79,11.52,12.89,11.68,8.33,7.70,11.75,10.89,10.54,10.14,9.85,9.74,9.27,9.61,9.21,9.89,10.06,9.23,9.35,7.89,9.16,8.00,7.65,8.80,8.56,7.79,9.48,9.83,8.82,8.00,9.59,9.11,9.58,8.44,7.61,9.37,7.93,9.05,8.64,6.57,6.74,8.39,7.67,8.50,8.59,11.96,10.33,12.56,11.87,11.90,12.61,13.24,13.00,..,11.11,12.57,10.11,11.31,9.46,11.24,10.76,8.49,10.90,10.71,10.60,8.46,10.00,10.38,..,10.67,10.19,10.04,10.00,10.15,11.77,13.49,10.64,8.93,10.35,..,10.62,10.00,10.40,9.92,9.73,10.38,10.42,10.93,14.06,13.67,13.72,12.51,13.60,11.61,10.00,12.56,13.99,13.18,12.15,13.79,13.32,12.80,12.95,13.44,13.00,..,12.83,..,14.47,13.98,14.07,14.00,12.90,12.87,11.21,12.61,..,..,..,13.26,..,..,..,..,..,..,..,..,..,..,..,..,..
"....Aurora","Green Corn (Maize, green), White",..,..,..,..,..,..,..,..,..,..,..,..,..,..,..,..,..,..,..,..,..,..,..,..,..,..,..,..,..,..,..,..,..,..,..,..,..,..,..,..,..,..,..,..,..,..,..,..,..,..,..,..,..,..,..,..,..,..,..,..,..,..,..,..,..,..,..,..,..,..,..,..,..,..,..,..,..,..,..,..,..,..,..,..,..,..,..,..,..,..,..,..,..,..,..,..,..,..,..,..,..,..,..,..,..,..,..,..,..,..,..,..,..,..,..,..,..,..,..,..,..,..,..,..,..,..,..,..,..,..,..,..,..,..,..,..,..,..,..,..,..,..,..
"....Aurora","Green Corn (Maize, green), Yellow",..,..,..,..,..,..,..,..,..,..,..,..,..,..,..,..,..,..,..,..,..,..,..,..,..,..,..,..,..,..,..,..,..,..,..,..,..,..,..,..,..,..,..,..,..,..,..,..,..,..,..,..,..,..,..,..,..,..,..,..,..,..,..,..,..,..,..,..,..,..,..,..,..,..,..,..,..,..,..,..,..,..,..,..,..,..,..,..,..,..,..,..,..,..,..,..,..,..,..,..,..,..,..,..,..,..,..,..,..,..,..,..,..,..,..,..,..,..,..,..,..,..,..,..,..,..,..,..,..,..,..,..,..,..,..,..,..,..,..,..,..,..,..
"....Bataan","Palay [Paddy] Fancy, dry (conv. to 14% mc)",..,..,..,..,..,..,..,..,..,..,..,..,..,..,..,..,..,..,..,..,..,..,..,..,..,..,..,..,..,..,..,..,..,..,..,..,..,..,..,..,..,..,..,..,..,..,..,..,..,..,..,..,..,..,..,..,..,..,..,..,..,26.76,28.90,28.00,27.89,23.00,27.34,26.95,26.68,23.91,23.67,22.55,21.82,19.69,18.00,18.56,19.73,22.66,17.69,18.97,17.91,18.00,18.92,19.00,20.33,18.93,19.02,20.65,20.10,21.00,19.21,24.19,21.71,23.74,23.74,25.00,..,19.27,..,18.58,17.25,21.14,21.14,21.58,20.34,19.81,20.54,19.69,16.83,18.23,18.20,..,16.94,19.53,19.30,21.77,19.20,..,20.19,22.17,21.89,21.74,23.74,..,..,21.00,23.32,23.66,27.48,22.80,30.78,29.56,..,..,..,..,..,..,..,..,..,..,..
"....Bataan","Palay [Paddy] Other Variety, dry (conv. to 14% mc)",18.90,18.92,21.87,24.13,23.65,23.85,24.38,24.21,23.13,19.17,21.95,22.45,22.22,19.24,18.93,17.85,17.11,16.96,17.67,17.67,17.67,17.88,18.18,18.11,18.14,17.95,17.84,17.63,17.63,16.94,16.36,17.72,18.60,18.15,19.00,17.94,17.63,18.25,17.81,18.00,19.20,19.18,18.63,19.00,19.00,20.00,18.83,20.19,19.26,18.04,18.33,18.97,18.29,20.49,20.68,17.60,18.21,18.23,17.61,21.24,23.51,21.30,21.70,22.36,20.10,19.91,21.61,21.79,18.33,18.62,18.65,17.22,16.52,15.74,15.41,14.89,15.91,17.88,14.74,15.97,14.73,15.13,16.01,17.00,17.86,17.02,17.16,17.57,17.71,17.00,16.49,16.91,19.53,17.57,17.57,18.00,16.06,16.06,..,14.99,13.97,15.35,15.99,16.55,18.20,17.67,17.92,17.01,17.24,16.87,16.06,..,14.81,17.15,16.28,17.03,16.93,..,19.03,19.87,20.14,19.15,21.92,..,..,17.60,20.18,20.82,21.43,20.02,26.03,26.30,..,..,..,..,..,..,..,..,..,..,..
"....Bataan","Corngrain [Maize] White, matured",..,..,..,..,..,..,..,..,..,..,..,..,..,..,..,..,..,..,..,..,..,..,..,..,..,..,..,..,..,..,..,..,..,..,..,..,..,..,..,..,..,..,..,..,..,..,..,..,..,..,..,..,..,..,..,..,..,..,..,..,..,..,..,..,..,..,..,..,..,..,..,..,..,..,..,..,..,..,..,..,..,..,..,..,..,..,..,..,..,..,..,..,..,..,..,..,..,..,..,..,..,..,..,..,..,..,..,..,..,..,..,..,..,..,..,..,..,..,..,..,..,..,..,..,..,..,..,..,..,..,..,..,..,..,..,..,..,..,..,..,..,..,..
"....Bataan","Corngrain [Maize] Yellow, matured",..,..,..,..,..,..,..,..,..,..,..,..,..,..,..,..,..,..,..,..,..,..,..,..,..,..,..,..,..,..,..,..,..,..,..,..,..,..,..,..,..,..,..,..,..,..,..,..,..,..,..,..,..,..,..,..,..,..,..,..,..,..,..,..,..,..,..,..,..,..,..,..,..,..,..,..,..,..,..,..,..,..,..,..,..,..,..,..,..,..,..,..,..,..,..,..,..,..,..,..,..,..,..,..,..,..,..,..,..,..,..,..,..,..,..,..,..,..,..,..,..,..,..,..,..,..,..,..,..,..,..,..,..,..,..,..,..,..,..,..,..,..,..
"....Bataan","Green Corn (Maize, green), White",..,..,..,..,..,..,..,..,..,..,..,..,..,..,..,..,..,..,..,..,..,..,..,..,..,..,..,..,..,..,..,..,..,..,..,..,..,..,..,..,..,..,..,..,..,..,..,..,..,..,..,..,..,..,..,..,..,..,..,..,..,..,..,..,..,..,..,..,..,..,..,..,..,..,..,..,..,..,..,..,..,..,..,..,..,..,..,..,..,..,..,..,..,..,..,..,..,..,..,..,..,..,..,..,..,..,..,..,..,..,..,..,..,..,..,..,..,..,..,..,..,..,..,..,..,..,..,..,..,..,..,..,..,..,..,..,..,..,..,..,..,..,..
"....Bataan","Green Corn (Maize, green), Yellow",..,..,..,..,..,..,..,..,..,..,..,..,..,..,..,..,..,..,..,..,..,..,..,..,..,..,..,..,..,..,..,..,..,..,..,..,..,..,..,..,..,..,..,..,..,..,..,..,..,..,..,..,..,..,..,..,..,..,..,..,..,..,..,..,..,..,..,..,..,..,..,..,..,..,..,..,..,..,..,..,..,..,..,..,..,..,..,..,..,..,..,..,..,..,..,..,..,..,..,..,..,..,..,..,..,..,..,..,..,..,..,..,..,..,..,..,..,..,..,..,..,..,..,..,..,..,..,..,..,..,..,..,..,..,..,..,..,..,..,..,..,..,..
"....Bulacan","Palay [Paddy] Fancy, dry (conv. to 14% mc)",..,..,..,..,..,..,..,..,..,..,..,..,..,..,..,..,..,..,..,..,..,..,..,..,..,..,..,..,..,..,..,..,..,..,..,..,..,..,..,..,..,..,..,..,..,..,..,..,..,..,..,..,..,..,..,..,..,..,..,..,..,..,..,..,..,..,..,..,..,..,..,..,..,..,..,..,..,..,..,..,..,..,..,..,..,..,..,..,..,..,..,..,..,..,..,..,..,..,..,..,..,..,..,..,..,..,..,..,..,..,..,..,..,..,..,..,..,..,..,..,..,..,..,..,..,..,..,..,..,..,..,..,..,..,..,..,..,..,..,..,..,..,..
"....Bulacan","Palay [Paddy] Other Variety, dry (conv. to 14% mc)",20.41,22.02,23.65,23.74,22.48,23.24,23.69,24.77,24.80,22.77,22.78,22.04,23.03,21.66,17.76,18.50,18.00,18.00,18.25,18.55,20.55,21.63,21.44,21.61,22.31,19.86,17.77,16.36,17.02,17.45,17.12,16.66,18.56,21.40,16.87,15.87,18.39,20.27,17.81,18.75,19.65,17.29,18.05,21.24,21.49,16.66,18.80,17.09,17.38,18.55,19.60,18.71,20.88,21.44,21.59,22.32,21.89,20.65,23.25,25.83,21.11,20.91,20.11,20.58,21.71,21.31,16.49,19.91,19.65,15.79,14.77,14.06,14.86,13.39,14.70,16.48,17.67,16.59,16.54,17.79,16.50,16.46,18.14,16.01,17.04,16.97,13.19,13.65,15.67,16.94,16.24,16.74,19.85,20.04,18.21,17.55,17.46,19.43,20.93,18.77,17.24,16.52,17.35,18.34,18.22,19.35,19.03,19.27,18.28,18.14,17.90,18.72,17.38,16.99,17.97,17.83,18.26,20.78,20.81,20.83,19.39,19.73,20.93,22.18,..,21.75,21.75,23.93,21.27,21.21,28.32,27.00,..,..,..,..,..,..,..,..,..,..,..
"....Bulacan","Corngrain [Maize] White, matured",..,..,..,..,..,..,..,..,..,..,..,..,..,..,..,..,..,..,..,..,..,..,..,..,..,..,..,..,..,..,..,..,..,..,..,..,..,..,..,..,..,..,..,..,..,..,..,..,..,..,..,..,..,..,..,..,..,..,..,..,..,..,..,..,..,..,..,..,..,..,..,..,..,..,..,..,..,..,..,..,..,..,..,..,..,..,..,..,..,..,..,..,..,..,..,..,..,..,..,..,..,..,..,..,..,..,..,..,..,..,..,..,..,..,..,..,..,..,..,..,..,..,..,..,..,..,..,..,..,..,..,..,..,..,..,..,..,..,..,..,..,..,..
"....Bulacan","Corngrain [Maize] Yellow, matured",..,..,..,..,..,..,..,..,..,..,..,..,..,..,..,..,..,..,..,..,..,..,..,..,..,..,..,..,..,..,..,..,..,..,..,..,..,..,..,..,..,..,..,..,..,..,..,..,..,..,..,..,..,..,..,..,..,..,..,..,..,..,..,..,..,..,..,..,..,..,..,..,..,..,..,..,..,..,..,..,..,..,..,..,..,..,..,..,..,..,..,..,..,..,..,..,..,..,..,..,..,..,..,..,..,..,..,..,..,..,..,..,..,..,..,..,..,..,..,..,..,..,..,..,..,..,..,..,..,..,..,..,..,..,..,..,..,..,..,..,..,..,..
"....Bulacan","Green Corn (Maize, green), White",22.18,21.62,21.06,20.68,18.44,18.70,20.32,20.65,22.34,22.74,22.91,22.45,21.17,19.80,17.74,18.50,17.51,18.43,21.33,21.43,21.50,22.80,6.68,19.35,18.16,18.60,23.49,21.71,20.14,18.48,22.58,24.72,23.99,27.10,26.15,34.79,24.42,27.54,24.59,17.88,18.50,20.60,15.81,16.88,22.28,21.15,23.38,18.18,19.90,26.99,27.27,20.74,21.95,21.73,21.21,20.86,18.73,18.19,22.06,22.94,22.30,24.60,24.27,21.48,21.69,17.27,23.43,23.23,19.93,23.67,21.63,19.68,19.46,24.00,24.02,21.26,23.13,21.73,22.88,22.30,26.88,24.89,27.13,24.06,21.26,7.33,10.32,21.92,28.06,25.56,21.88,29.75,19.38,18.21,17.48,11.90,12.61,15.27,21.11,24.61,26.83,26.02,22.63,20.48,21.51,22.47,24.25,21.74,19.43,21.86,20.34,20.47,21.51,26.30,31.05,25.55,23.04,40.46,24.28,27.29,28.52,21.60,19.91,22.66,24.31,25.40,25.40,20.00,23.43,25.27,..,..,..,..,..,..,..,..,..,..,..,..,..
"....Bulacan","Green Corn (Maize, green), Yellow",..,..,..,..,..,..,..,..,..,..,..,..,..,..,..,..,..,..,..,..,..,..,..,..,..,..,..,..,..,..,..,..,..,..,..,..,..,..,..,..,..,..,..,..,..,..,..,..,..,..,..,..,..,..,..,..,..,..,..,..,..,..,..,..,..,..,..,..,..,..,..,..,..,..,..,..,..,..,..,..,..,..,..,..,..,..,..,..,..,..,..,..,..,..,..,..,..,..,..,..,..,..,..,..,..,..,..,..,..,..,..,..,..,..,..,..,..,..,..,..,..,..,..,..,..,..,..,..,..,..,..,..,..,..,..,..,..,..,..,..,..,..,..
"....Nueva Ecija","Palay [Paddy] Fancy, dry (conv. to 14% mc)",..,..,..,..,..,..,..,..,..,..,..,..,..,..,..,..,..,..,..,..,..,..,..,..,..,..,..,..,..,..,..,..,..,..,..,..,..,..,..,..,..,..,..,..,..,..,..,..,..,..,..,..,..,..,..,..,..,..,..,..,..,..,..,..,..,..,..,..,..,..,..,..,..,..,..,..,..,..,..,..,..,..,..,..,..,..,..,..,..,..,..,..,..,..,..,..,..,..,..,..,..,..,..,..,..,..,..,..,..,..,..,..,..,..,..,..,..,..,..,..,..,..,..,..,..,..,..,..,..,..,..,..,..,..,..,..,..,..,..,..,..,..,..
"....Nueva Ecija","Palay [Paddy] Other Variety, dry (conv. to 14% mc)",22.43,21.49,20.68,21.72,21.80,24.64,26.68,26.36,24.15,20.00,22.24,23.69,22.99,22.77,18.14,17.78,16.67,20.19,20.81,21.38,21.41,18.41,16.35,17.04,..,19.18,..,..,14.66,17.32,20.50,..,..,17.90,..,16.61,17.63,20.14,17.82,20.23,..,20.08,20.55,..,..,..,..,17.94,18.33,21.33,..,19.74,..,..,20.08,19.82,..,..,..,..,24.09,21.85,19.73,..,21.11,..,..,15.50,14.38,..,..,..,..,13.04,12.72,13.21,..,13.77,..,..,17.12,17.36,..,..,..,..,13.52,15.83,15.14,..,15.79,..,..,19.11,18.61,..,..,..,..,13.88,16.54,18.28,..,17.28,..,..,19.24,18.23,17.96,..,..,..,13.46,19.39,18.94,..,17.87,..,..,18.85,19.42,..,..,..,..,20.40,20.40,27.71,..,21.36,28.58,27.01,..,..,..,..,..,..,..,..,..,..,..
"....Nueva Ecija","Corngrain [Maize] White, matured",..,..,..,..,..,..,..,..,..,..,..,..,..,..,..,..,..,..,..,..,..,..,..,..,..,..,..,..,..,..,..,..,..,..,..,..,..,..,..,..,..,..,..,..,..,..,..,..,..,..,..,..,..,..,..,..,..,..,..,..,..,..,..,..,..,..,..,..,..,..,..,..,..,..,..,..,..,..,..,..,..,..,..,..,..,..,..,..,..,..,..,..,..,..,..,..,..,..,..,..,..,..,..,..,..,..,..,..,..,..,..,..,..,..,..,..,..,..,..,..,..,..,..,..,..,..,..,..,..,..,..,..,..,..,..,..,..,..,..,..,..,..,..
"....Nueva Ecija","Corngrain [Maize] Yellow, matured",..,..,..,..,..,..,..,..,..,..,..,..,..,..,..,..,..,..,..,..,..,..,..,..,..,..,..,..,..,..,..,..,..,..,..,..,..,..,..,..,..,..,..,..,..,..,..,..,..,..,..,..,..,..,..,..,..,..,..,..,..,..,..,..,..,..,..,..,..,..,..,..,..,..,..,..,..,..,..,..,..,..,..,..,..,..,..,..,..,..,..,..,..,..,..,..,..,..,..,..,..,..,..,..,..,..,..,..,..,..,..,..,..,..,..,..,..,..,..,..,..,..,..,..,..,..,..,..,..,..,..,..,..,..,..,..,..,..,..,..,..,..,..
"....Nueva Ecija","Green Corn (Maize, green), White",10.09,9.75,11.22,9.91,11.04,10.62,18.03,..,11.66,11.16,..,..,11.50,10.08,10.63,12.43,11.72,13.40,10.56,17.64,14.63,15.92,..,..,..,13.00,..,10.64,19.01,17.13,14.41,21.70,20.80,14.70,15.00,14.00,17.20,16.97,16.51,15.32,12.22,14.64,10.75,14.39,14.76,19.56,20.77,22.84,23.03,13.00,14.90,16.35,14.60,8.86,18.82,12.72,12.53,12.42,20.00,20.00,21.11,16.45,20.68,15.52,16.14,14.31,13.85,19.63,13.26,22.53,12.98,10.02,19.68,11.17,14.68,15.19,16.12,15.29,16.12,13.11,16.26,16.99,14.83,10.21,18.98,17.60,17.24,21.18,18.84,19.68,16.75,18.86,20.60,20.32,20.25,19.52,19.31,20.20,18.53,18.95,18.26,18.88,19.28,19.41,..,..,..,..,..,..,..,..,..,..,..,..,..,..,..,..,..,..,..,..,..,..,..,..,..,..,..,..,..,..,..,..,..,..,..,..,..,..,..
"....Nueva Ecija","Green Corn (Maize, green), Yellow",..,..,..,..,..,..,..,..,..,..,..,..,..,..,..,..,..,..,..,..,..,..,..,..,..,..,..,..,..,..,..,..,..,..,..,..,..,..,..,..,..,..,..,..,..,..,..,..,..,..,..,..,..,..,..,..,..,..,..,..,..,..,..,..,..,..,..,..,..,..,..,..,..,..,..,..,..,..,..,..,..,..,..,..,..,..,..,..,..,..,..,..,..,..,..,..,..,..,..,..,..,..,..,..,..,..,..,..,..,..,..,..,..,..,..,..,..,..,..,..,..,..,..,..,..,..,..,..,..,..,..,..,..,..,..,..,..,..,..,..,..,..,..
"....Pampanga","Palay [Paddy] Fancy, dry (conv. to 14% mc)",..,..,..,..,..,..,..,..,..,..,..,..,..,..,..,..,..,..,..,..,..,..,..,..,..,..,..,..,..,..,..,..,..,..,..,..,..,..,..,..,..,..,..,..,..,..,..,..,..,..,..,..,..,..,..,..,..,..,..,..,..,..,..,..,..,..,..,..,..,..,..,..,..,..,..,..,..,..,..,..,..,..,..,..,..,..,..,..,..,..,..,..,..,..,..,..,..,..,..,..,..,..,..,..,..,..,..,..,..,..,..,..,..,..,..,..,..,..,..,..,..,..,..,..,..,..,..,..,..,..,..,..,..,..,..,..,..,..,..,..,..,..,..
"....Pampanga","Palay [Paddy] Other Variety, dry (conv. to 14% mc)",21.29,22.76,22.96,20.21,21.09,22.42,22.58,23.53,23.23,21.43,19.68,18.77,21.66,19.45,18.14,18.52,17.05,17.59,18.84,17.86,17.99,16.91,16.21,17.13,16.61,17.69,18.49,17.54,17.63,16.31,16.41,16.84,17.80,18.74,18.78,16.78,16.42,16.88,17.39,17.30,19.19,18.11,18.05,18.60,18.19,18.14,18.71,16.92,17.01,16.45,17.42,17.84,18.48,18.76,20.82,20.87,20.94,21.13,21.37,22.41,21.52,19.04,18.78,18.62,20.23,17.61,16.96,15.55,17.31,13.64,13.75,16.60,14.61,15.87,15.69,15.46,15.82,15.74,15.90,17.88,19.08,19.34,19.65,17.30,19.01,16.24,13.75,12.63,14.54,15.82,16.76,18.54,18.54,17.65,16.90,17.49,17.30,16.45,16.67,16.84,15.32,16.33,16.95,17.08,16.55,17.41,17.22,17.17,16.88,16.28,16.44,16.35,16.56,17.29,16.57,18.04,16.90,18.24,17.60,18.37,18.94,19.02,19.93,20.99,31.69,21.64,19.51,21.45,23.13,20.88,28.97,24.02,..,..,..,..,..,..,..,..,..,..,..
"....Pampanga","Corngrain [Maize] White, matured",..,..,..,..,..,..,..,..,..,..,..,..,..,..,..,..,..,..,..,..,..,..,..,..,..,..,..,..,..,..,..,..,..,..,..,..,..,..,..,..,..,..,..,..,..,..,..,..,..,..,..,..,..,..,..,..,..,..,..,..,..,..,..,..,..,..,..,..,..,..,..,..,..,..,..,..,..,..,..,..,..,..,..,..,..,..,..,..,..,..,..,..,..,..,..,..,..,..,..,..,..,..,..,..,..,..,..,..,..,..,..,..,..,..,..,..,..,..,..,..,..,..,..,..,..,..,..,..,..,..,..,..,..,..,..,..,..,..,..,..,..,..,..
"....Pampanga","Corngrain [Maize] Yellow, matured",..,12.34,11.21,10.32,10.32,..,..,..,..,..,..,..,11.05,..,12.02,11.24,11.79,11.96,..,..,..,..,..,..,..,11.75,..,10.55,12.62,12.07,12.16,..,..,..,..,..,..,..,11.85,..,12.37,13.48,12.69,12.82,..,..,..,..,..,..,..,12.84,..,11.38,11.59,12.54,12.72,13.12,..,..,..,..,..,..,12.27,..,..,12.10,12.02,13.48,..,..,..,..,..,..,..,12.53,..,..,..,12.06,11.37,..,..,..,..,..,..,..,11.72,..,..,11.38,11.22,11.58,..,..,..,..,..,..,..,11.39,..,..,14.71,16.83,16.78,..,..,..,..,..,..,..,16.11,..,..,16.91,16.43,16.96,..,..,..,..,..,..,..,16.77,..,..,..,..,..,..,..,..,..,..,..,..,..
"....Pampanga","Green Corn (Maize, green), White",..,14.00,12.73,11.06,13.59,..,..,..,..,..,..,..,12.85,..,16.03,15.46,13.65,14.45,..,..,..,..,..,..,..,14.90,..,15.18,13.02,9.55,15.40,..,..,..,..,..,..,..,13.29,..,14.62,14.16,14.12,14.85,..,..,..,..,..,..,..,14.44,..,17.40,15.29,14.78,14.93,14.17,..,..,..,..,..,..,15.31,14.32,14.57,15.00,..,..,..,..,..,..,..,..,..,14.63,13.43,15.97,16.64,..,..,..,..,..,..,..,..,..,15.35,33.51,37.78,40.57,..,..,..,..,..,..,..,..,..,37.29,37.19,32.03,28.46,..,..,..,..,..,..,..,..,..,32.56,35.35,32.27,32.61,..,..,..,..,..,..,..,..,..,33.41,..,..,..,..,..,..,..,..,..,..,..,..,..
"....Pampanga","Green Corn (Maize, green), Yellow",..,..,..,..,..,..,..,..,..,..,..,..,..,..,..,..,..,..,..,..,..,..,..,..,..,..,..,..,..,..,..,..,..,..,..,..,..,..,..,..,..,..,..,..,..,..,..,..,..,..,..,..,..,..,..,..,..,..,..,..,..,..,..,..,..,..,..,..,..,..,..,..,..,..,..,..,..,..,..,..,..,..,..,..,..,..,..,..,..,..,..,..,..,..,..,..,..,..,..,..,..,..,..,..,..,..,..,..,..,..,..,..,..,..,..,..,..,..,..,..,..,..,..,..,..,..,..,..,..,..,..,..,..,..,..,..,..,..,..,..,..,..,..
"....Tarlac","Palay [Paddy] Fancy, dry (conv. to 14% mc)",..,..,..,..,..,..,..,..,..,..,..,..,..,..,..,..,..,..,..,..,..,..,..,..,..,..,..,..,..,..,..,..,..,..,..,..,..,..,..,..,..,..,..,..,..,..,..,..,..,..,..,..,..,..,..,..,..,..,..,..,..,..,..,..,..,..,..,..,..,..,..,..,..,..,..,..,..,..,..,..,..,..,..,..,..,..,..,..,..,..,..,..,..,..,..,..,..,..,..,..,..,..,..,..,..,..,..,..,..,..,..,..,..,..,..,..,..,..,..,..,..,..,..,..,..,..,..,..,..,..,..,..,..,..,..,..,..,..,..,..,..,..,..
"....Tarlac","Palay [Paddy] Other Variety, dry (conv. to 14% mc)",20.00,21.61,23.00,23.67,22.55,22.36,22.33,23.14,22.42,20.90,21.65,19.51,21.93,18.64,17.51,18.75,18.31,17.95,18.61,18.96,19.00,18.65,17.62,17.34,17.63,18.25,17.42,16.27,17.95,19.60,17.57,18.43,19.03,18.51,16.03,16.54,18.32,19.82,17.96,18.08,21.06,19.20,18.60,19.50,20.10,21.11,18.45,17.53,18.00,19.89,21.44,19.41,20.23,21.31,19.93,19.79,21.21,23.70,18.85,22.54,21.14,19.94,20.04,23.78,21.04,18.55,16.81,16.45,15.18,14.44,14.86,16.68,12.41,14.33,14.44,14.25,16.38,15.40,14.81,15.94,16.26,18.01,18.99,15.98,16.30,17.01,13.62,14.02,16.31,17.64,16.24,19.28,21.12,21.30,17.22,16.53,15.87,15.76,17.93,16.41,16.96,17.27,16.77,17.70,17.63,18.79,19.65,20.01,18.49,18.69,18.89,18.62,16.94,17.82,17.68,18.59,18.48,18.97,20.97,21.42,21.57,21.91,21.64,20.42,25.95,23.22,20.22,23.84,24.32,22.04,30.00,26.96,..,..,..,..,..,..,..,..,..,..,..
"....Tarlac","Corngrain [Maize] White, matured",..,..,..,..,..,..,..,..,..,..,..,..,..,..,..,..,..,..,..,..,..,..,..,..,..,..,..,..,..,..,..,..,..,..,..,..,..,..,..,..,..,..,..,..,..,..,..,..,..,..,..,..,..,..,..,..,..,..,..,..,..,..,..,..,..,..,..,..,..,..,..,..,..,..,..,..,..,..,..,..,..,..,..,..,..,..,..,..,..,..,..,..,..,..,..,..,..,..,..,..,..,..,..,..,..,..,..,..,..,..,..,..,..,..,..,..,..,..,..,..,..,..,..,..,..,..,..,..,..,..,..,..,..,..,..,..,..,..,..,..,..,..,..
"....Tarlac","Corngrain [Maize] Yellow, matured",12.00,12.92,12.51,12.35,12.00,12.94,..,..,..,..,..,..,12.45,14.09,14.00,12.94,13.41,12.79,12.26,..,..,..,..,..,..,13.25,13.26,13.20,12.80,11.34,10.88,12.37,12.60,..,..,..,..,..,12.35,..,12.56,12.55,11.53,10.38,9.88,..,..,..,..,..,..,11.38,..,12.70,13.32,14.60,14.02,13.15,..,..,..,..,..,..,13.56,11.26,14.27,12.93,12.60,12.55,11.24,..,..,..,..,..,..,12.48,..,12.04,11.57,10.79,11.45,10.81,..,..,..,..,..,..,11.33,12.93,13.19,12.67,12.22,12.24,12.33,..,..,15.25,15.10,18.00,19.33,14.33,14.40,16.07,17.47,19.84,16.67,18.15,..,18.66,14.97,16.14,18.50,17.93,17.16,20.43,19.03,20.87,18.44,19.23,17.99,17.18,16.53,17.00,14.82,..,..,18.15,..,..,..,..,..,..,..,..,..,..,..,..,..
"....Tarlac","Green Corn (Maize, green), White",35.25,28.92,25.38,24.06,21.38,22.85,27.40,25.23,29.19,28.86,30.00,30.00,27.38,20.80,19.86,21.66,18.40,14.03,19.89,20.21,24.04,27.29,30.00,23.86,18.86,21.58,18.55,28.11,29.15,25.19,23.41,22.96,20.83,18.15,25.00,23.13,25.00,24.00,23.62,23.70,18.22,21.93,24.63,19.91,22.36,12.72,21.54,..,..,27.79,18.06,21.09,22.81,22.54,24.54,20.00,15.02,22.12,22.01,..,..,..,28.33,31.73,23.23,19.78,20.03,29.44,20.32,28.30,20.97,16.68,11.07,..,30.00,25.00,25.33,22.45,28.15,24.95,28.10,22.17,19.52,25.20,25.00,..,..,20.17,27.65,30.30,25.12,24.68,23.69,24.96,24.47,26.86,26.92,35.53,54.64,30.00,35.17,31.09,32.32,30.86,28.37,33.09,31.03,32.11,31.47,30.58,27.45,26.83,24.40,29.41,31.97,32.11,29.90,31.03,36.91,36.06,34.53,34.42,34.84,30.00,30.00,..,24.74,30.00,30.00,32.05,..,..,..,..,..,..,..,..,..,..,..,..,..
"....Tarlac","Green Corn (Maize, green), Yellow",..,..,..,..,..,..,..,..,..,..,..,..,..,..,..,..,..,..,..,..,..,..,..,..,..,..,..,..,..,..,..,..,..,..,..,..,..,..,..,..,..,..,..,..,..,..,..,..,..,..,..,..,..,..,..,..,..,..,..,..,..,..,..,..,..,..,..,..,..,..,..,..,..,..,..,..,..,..,..,..,..,..,..,..,..,..,..,..,..,..,..,..,..,..,..,..,..,..,..,..,..,..,..,..,..,..,..,..,..,..,..,..,..,..,..,..,..,..,..,..,..,..,..,..,..,..,..,..,..,..,..,..,..,..,..,..,..,..,..,..,..,..,..
"....Zambales","Palay [Paddy] Fancy, dry (conv. to 14% mc)",..,..,..,..,..,..,..,..,..,..,..,..,..,..,..,..,..,..,..,..,..,..,..,..,..,..,..,..,..,..,..,..,..,..,..,..,..,..,..,..,..,..,..,..,..,..,..,..,..,..,..,..,..,..,..,..,..,..,..,..,..,..,..,..,..,..,..,..,..,..,..,..,..,..,..,..,..,..,..,..,..,..,..,..,..,..,..,..,..,..,..,..,..,..,..,..,..,..,..,..,..,..,..,..,..,..,..,..,..,..,..,..,..,..,..,..,..,..,..,..,..,..,..,..,..,..,..,..,..,..,..,..,..,..,..,..,..,..,..,..,..,..,..
"....Zambales","Palay [Paddy] Other Variety, dry (conv. to 14% mc)",20.65,21.61,22.96,23.20,22.35,22.25,..,..,22.60,20.31,19.82,19.78,21.55,18.22,19.06,18.31,17.81,18.27,18.34,..,..,18.71,16.98,17.57,17.67,18.09,18.10,16.83,17.20,17.20,18.17,17.78,..,..,18.05,18.44,17.49,17.94,17.72,19.15,19.69,19.46,20.97,21.17,21.08,..,..,21.02,18.71,18.44,18.35,19.80,20.38,20.62,21.48,23.08,23.59,23.30,..,..,24.46,20.83,20.27,20.04,21.81,20.11,21.19,19.14,19.64,19.14,17.94,..,..,16.71,15.00,15.89,15.83,18.06,16.60,17.85,17.96,19.13,20.28,17.72,..,..,18.70,17.88,16.81,17.46,18.04,18.70,20.14,20.93,19.34,19.01,18.44,..,..,18.36,16.67,17.85,17.92,18.74,18.43,18.97,19.61,18.64,20.16,19.42,..,..,16.90,18.81,18.61,18.51,18.81,20.37,20.96,21.48,21.34,21.39,20.83,..,..,20.92,21.24,23.89,24.45,21.69,27.29,29.00,..,..,..,..,..,..,..,..,..,..,..
"....Zambales","Corngrain [Maize] White, matured",..,..,..,..,..,..,..,..,..,..,..,..,..,..,..,..,..,..,..,..,..,..,..,..,..,..,..,..,..,..,..,..,..,..,..,..,..,..,..,..,..,..,..,..,..,..,..,..,..,..,..,..,..,..,..,..,..,..,..,..,..,..,..,..,..,..,..,..,..,..,..,..,..,..,..,..,..,..,..,..,..,..,..,..,..,..,..,..,..,..,..,..,..,..,..,..,..,..,..,..,..,..,..,..,..,..,..,..,..,..,..,..,..,..,..,..,..,..,..,..,..,..,..,..,..,..,..,..,..,..,..,..,..,..,..,..,..,..,..,..,..,..,..
"....Zambales","Corngrain [Maize] Yellow, matured",..,..,..,..,..,..,..,..,..,..,..,..,..,..,..,..,..,..,..,..,..,..,..,..,..,..,..,..,..,..,..,..,..,..,..,..,..,..,..,..,..,..,..,..,..,..,..,..,..,..,..,..,..,..,..,..,..,..,..,..,..,..,..,..,..,..,..,..,..,..,..,..,..,..,..,..,..,..,..,..,..,..,..,..,..,..,..,..,..,..,..,..,..,..,..,..,..,..,..,..,..,..,..,..,..,..,..,..,..,..,..,..,..,..,..,..,..,..,..,..,..,..,..,..,..,..,..,..,..,..,..,..,..,..,..,..,..,..,..,..,..,..,..
"....Zambales","Green Corn (Maize, green), White",..,..,..,..,..,..,..,..,..,..,..,..,..,..,..,..,..,..,..,..,..,..,..,..,..,..,..,..,..,..,..,..,..,..,..,..,..,..,..,..,..,..,..,..,..,..,..,..,..,..,..,..,..,..,..,..,..,..,..,..,..,..,..,..,..,..,..,..,..,..,..,..,..,..,..,..,..,..,..,..,..,..,..,..,..,..,..,..,..,..,..,..,..,..,..,..,..,..,..,..,..,..,..,..,..,..,..,..,..,..,..,..,..,..,..,..,..,..,..,..,..,..,..,..,..,..,..,..,..,..,..,..,..,..,..,..,..,..,..,..,..,..,..
"....Zambales","Green Corn (Maize, green), Yellow",..,..,..,..,..,..,..,..,..,..,..,..,..,..,..,..,..,..,..,..,..,..,..,..,..,..,..,..,..,..,..,..,..,..,..,..,..,..,..,..,..,..,..,..,..,..,..,..,..,..,..,..,..,..,..,..,..,..,..,..,..,..,..,..,..,..,..,..,..,..,..,..,..,..,..,..,..,..,..,..,..,..,..,..,..,..,..,..,..,..,..,..,..,..,..,..,..,..,..,..,..,..,..,..,..,..,..,..,..,..,..,..,..,..,..,..,..,..,..,..,..,..,..,..,..,..,..,..,..,..,..,..,..,..,..,..,..,..,..,..,..,..,..
"..REGION IV-A (CALABARZON)","Palay [Paddy] Fancy, dry (conv. to 14% mc)",..,..,..,..,..,..,..,..,..,..,..,..,..,..,..,..,..,..,..,..,..,..,..,..,..,..,..,..,..,..,..,..,..,..,..,..,..,..,..,..,..,..,..,..,..,..,..,..,..,..,..,..,..,..,..,..,..,..,..,..,..,..,..,..,..,..,..,..,..,..,..,..,..,..,..,..,..,..,..,..,..,..,..,..,..,..,..,..,..,..,..,..,..,..,..,..,..,..,..,..,..,..,..,..,..,..,..,..,..,..,..,..,..,..,..,..,..,..,..,..,..,..,..,..,..,..,..,..,..,..,..,..,..,..,..,..,..,..,..,..,..,..,..
"..REGION IV-A (CALABARZON)","Palay [Paddy] Other Variety, dry (conv. to 14% mc)",17.09,18.18,18.47,19.28,19.59,20.15,20.62,20.84,20.41,18.76,17.02,16.27,18.89,16.13,16.58,15.92,15.06,15.13,15.57,15.28,15.74,15.98,15.06,15.50,15.03,15.58,14.35,15.85,15.66,16.00,15.24,15.34,15.61,15.01,16.55,15.26,15.40,15.34,15.47,16.14,16.55,16.64,16.78,17.20,16.94,16.41,17.32,16.98,16.62,15.50,16.56,16.64,16.83,18.28,18.90,19.48,19.42,18.16,17.83,19.95,21.47,19.75,18.37,18.39,18.90,18.32,18.04,16.94,16.14,15.78,15.46,14.34,12.94,13.50,14.07,12.98,13.07,15.13,13.87,14.24,16.98,17.81,17.23,16.09,15.83,17.17,15.00,13.62,13.04,15.30,15.52,16.02,17.39,16.69,16.77,16.60,16.62,15.88,15.83,14.83,14.35,14.78,15.27,15.92,15.35,16.59,16.30,15.90,15.78,16.05,16.68,16.26,15.96,16.54,16.02,16.34,16.15,16.48,16.94,17.40,17.58,17.68,17.78,18.36,20.20,19.32,20.10,20.67,22.22,18.73,23.55,25.13,..,..,..,..,..,..,..,..,..,..,..
"..REGION IV-A (CALABARZON)","Corngrain [Maize] White, matured",..,..,..,..,..,..,..,..,..,..,..,..,..,..,..,..,..,..,..,..,..,..,..,..,..,..,..,..,..,..,..,..,..,..,..,..,..,..,..,..,..,..,..,..,..,..,..,..,..,..,..,..,..,..,..,..,..,..,..,..,..,..,..,..,..,30.00,29.41,29.41,..,..,..,..,..,..,..,..,..,29.61,..,..,..,..,..,..,..,..,..,..,..,..,..,..,..,..,..,..,..,..,..,..,..,..,..,..,..,..,..,..,..,..,..,..,..,..,..,..,..,..,..,..,..,..,..,..,..,..,..,..,..,..,..,..,..,..,..,..,..,..,..,..,..,..,..
"..REGION IV-A (CALABARZON)","Corngrain [Maize] Yellow, matured",13.78,13.20,13.15,13.91,12.50,13.30,12.61,..,16.05,14.86,14.21,14.55,13.83,13.56,15.67,13.33,12.81,12.50,..,13.00,..,13.35,14.62,14.00,14.96,13.78,14.03,13.07,12.93,12.49,13.28,14.00,12.00,..,13.42,13.29,13.07,13.47,13.19,13.00,20.98,13.95,14.34,12.62,12.50,14.00,13.75,12.33,12.69,13.23,13.34,13.89,15.00,14.13,13.95,13.43,14.25,..,..,..,17.01,16.49,16.79,14.71,15.08,17.40,14.92,14.03,15.53,14.38,..,..,..,14.18,13.04,13.17,16.50,14.79,16.00,15.78,13.18,14.35,13.04,..,..,..,12.74,15.92,12.68,14.75,14.27,14.02,16.29,13.40,14.01,17.00,..,..,..,18.74,18.16,17.30,16.53,16.16,19.49,19.50,18.92,18.54,..,..,..,..,19.22,19.47,20.17,20.13,19.43,22.67,22.05,22.31,20.70,20.00,20.00,33.78,..,21.06,20.34,21.06,20.07,22.19,..,..,..,..,..,..,..,..,..,..,..,..,..
"..REGION IV-A (CALABARZON)","Green Corn (Maize, green), White",19.97,16.71,17.58,18.76,20.40,21.78,23.17,19.85,19.91,18.72,16.14,18.62,19.30,18.78,15.82,17.83,18.22,19.94,21.53,19.10,17.03,16.05,15.27,18.28,21.62,18.29,23.17,18.57,17.66,15.28,20.86,21.18,16.65,17.96,20.13,18.48,22.39,18.65,19.25,21.09,20.62,20.97,21.08,23.06,22.55,18.68,20.08,18.55,17.51,17.76,19.92,20.16,20.38,20.54,20.60,18.86,21.03,20.36,19.52,19.67,18.75,22.39,20.49,19.98,20.21,24.14,20.60,18.05,22.68,18.60,16.21,19.33,21.33,17.60,22.04,26.00,22.53,20.76,21.61,22.91,24.03,22.67,23.87,26.96,21.51,22.20,23.93,22.86,23.30,26.61,23.54,27.20,29.15,27.98,24.19,25.00,22.01,27.38,29.38,32.12,24.08,29.73,24.31,26.88,24.38,31.47,33.03,25.44,24.38,24.39,33.03,31.30,34.80,24.90,31.92,33.29,29.36,40.42,39.57,41.71,37.16,44.49,29.89,38.94,36.49,39.57,33.93,29.49,35.77,37.29,..,..,..,..,..,..,..,..,..,..,..,..,..
"..REGION IV-A (CALABARZON)","Green Corn (Maize, green), Yellow",..,..,..,..,..,..,..,..,..,..,..,..,..,..,..,..,..,..,..,..,..,..,..,..,..,..,..,..,..,..,..,..,..,..,..,..,..,..,..,..,..,..,..,..,..,..,..,..,..,..,..,..,..,..,..,..,..,..,..,..,..,..,..,..,..,..,..,..,..,..,..,..,..,..,..,..,..,..,..,..,..,..,..,..,..,..,..,..,..,..,..,..,..,..,..,..,..,..,..,..,..,..,..,..,..,..,..,..,..,..,..,..,..,..,..,..,..,..,..,..,..,..,..,..,..,..,..,..,..,..,..,..,..,..,..,..,..,..,..,..,..,..,..
"....Batangas","Palay [Paddy] Fancy, dry (conv. to 14% mc)",..,..,..,..,..,..,..,..,..,..,..,..,..,..,..,..,..,..,..,..,..,..,..,..,..,..,..,..,..,..,..,..,..,..,..,..,..,..,..,..,..,..,..,..,..,..,..,..,..,..,..,..,..,..,..,..,..,..,..,..,..,..,..,..,..,..,..,..,..,..,..,..,..,..,..,..,..,..,..,..,..,..,..,..,..,..,..,..,..,..,..,..,..,..,..,..,..,..,..,..,..,..,..,..,..,..,..,..,..,..,..,..,..,..,..,..,..,..,..,..,..,..,..,..,..,..,..,..,..,..,..,..,..,..,..,..,..,..,..,..,..,..,..
"....Batangas","Palay [Paddy] Other Variety, dry (conv. to 14% mc)",19.18,19.08,20.35,20.46,20.17,20.03,23.05,22.67,22.28,20.68,17.32,17.38,20.22,16.99,18.69,18.23,17.04,17.05,16.83,16.54,17.42,18.47,17.38,16.38,16.69,17.31,14.37,17.43,16.89,17.25,16.11,16.34,16.90,16.87,17.06,15.61,16.61,16.87,16.53,16.58,17.31,17.33,17.25,17.86,17.74,17.79,17.42,17.42,18.29,17.61,18.23,17.57,17.54,17.46,18.45,18.77,19.16,18.97,19.39,19.74,21.87,21.86,19.48,18.74,19.29,18.20,17.79,19.17,17.53,18.07,18.27,16.28,12.65,13.83,13.92,13.46,13.07,16.02,14.15,14.30,18.75,17.44,..,..,..,..,14.76,14.19,14.34,15.81,15.47,16.67,18.89,17.53,17.56,18.02,18.58,18.14,17.50,17.02,15.25,15.21,16.16,17.21,17.22,17.17,17.17,17.27,16.03,17.20,16.31,17.81,16.45,17.74,18.10,17.64,17.18,16.93,17.71,17.28,16.62,17.84,17.58,18.36,19.94,19.15,19.53,18.37,21.25,18.38,24.93,26.16,..,..,..,..,..,..,..,..,..,..,..
"....Batangas","Corngrain [Maize] White, matured",..,..,..,..,..,..,..,..,..,..,..,..,..,..,..,..,..,..,..,..,..,..,..,..,..,..,..,..,..,..,..,..,..,..,..,..,..,..,..,..,..,..,..,..,..,..,..,..,..,..,..,..,..,..,..,..,..,..,..,..,..,..,..,..,..,..,..,..,..,..,..,..,..,..,..,..,..,..,..,..,..,..,..,..,..,..,..,..,..,..,..,..,..,..,..,..,..,..,..,..,..,..,..,..,..,..,..,..,..,..,..,..,..,..,..,..,..,..,..,..,..,..,..,..,..,..,..,..,..,..,..,..,..,..,..,..,..,..,..,..,..,..,..
"....Batangas","Corngrain [Maize] Yellow, matured",14.55,13.40,..,..,..,14.60,..,..,16.05,17.22,17.50,16.85,15.74,14.97,15.56,..,..,..,..,..,..,14.06,13.72,..,13.91,14.44,..,13.81,..,..,..,..,..,..,14.04,13.89,14.50,14.69,14.19,..,..,13.61,13.73,..,..,..,..,12.98,13.01,14.61,..,13.59,..,..,15.50,15.72,16.00,..,..,..,20.00,19.05,18.46,..,17.46,..,16.87,16.00,16.80,..,..,..,..,14.00,13.66,13.60,..,15.16,16.00,15.24,..,14.80,..,..,..,..,13.40,25.00,..,..,16.89,..,15.86,14.89,15.00,..,..,..,..,21.17,19.50,..,..,17.28,..,..,21.02,21.31,..,..,..,..,22.50,22.43,..,..,21.82,24.86,23.07,22.67,21.86,..,..,33.78,..,26.45,19.38,20.28,20.31,23.63,..,..,..,..,..,..,..,..,..,..,..,..,..
"....Batangas","Green Corn (Maize, green), White",..,..,18.16,..,..,24.37,25.65,20.29,21.59,..,12.33,15.46,19.69,..,..,23.15,..,..,22.93,16.80,17.65,14.83,..,13.11,18.74,18.17,21.24,..,..,..,..,25.55,15.75,16.82,..,..,22.53,14.23,19.35,25.96,24.16,19.98,24.80,..,25.96,9.96,14.54,14.35,16.00,15.28,15.00,18.73,20.00,20.00,21.63,20.00,20.00,22.00,17.33,16.20,..,20.00,17.85,20.74,19.61,32.08,26.67,..,20.76,15.40,..,19.23,18.47,17.26,..,32.00,..,22.73,18.80,23.42,..,..,..,40.00,14.49,18.12,..,..,20.00,19.67,22.07,20.11,24.66,..,..,..,23.52,27.84,25.82,..,..,29.41,20.70,24.58,..,36.75,45.23,..,..,20.37,39.21,35.51,32.70,..,41.67,45.24,37.09,51.07,36.58,46.83,..,..,25.68,38.55,38.39,49.19,40.29,31.79,35.75,39.41,..,..,..,..,..,..,..,..,..,..,..,..,..
"....Batangas","Green Corn (Maize, green), Yellow",..,..,..,..,..,..,..,..,..,..,..,..,..,..,..,..,..,..,..,..,..,..,..,..,..,..,..,..,..,..,..,..,..,..,..,..,..,..,..,..,..,..,..,..,..,..,..,..,..,..,..,..,..,..,..,..,..,..,..,..,..,..,..,..,..,..,..,..,..,..,..,..,..,..,..,..,..,..,..,..,..,..,..,..,..,..,..,..,..,..,..,..,..,..,..,..,..,..,..,..,..,..,..,..,..,..,..,..,..,..,..,..,..,..,..,..,..,..,..,..,..,..,..,..,..,..,..,..,..,..,..,..,..,..,..,..,..,..,..,..,..,..,..
"....Cavite","Palay [Paddy] Fancy, dry (conv. to 14% mc)",..,..,..,..,..,..,..,..,..,..,..,..,..,..,..,..,..,..,..,..,..,..,..,..,..,..,..,..,..,..,..,..,..,..,..,..,..,..,..,..,..,..,..,..,..,..,..,..,..,..,..,..,..,..,..,..,..,..,..,..,..,..,..,..,..,..,..,..,..,..,..,..,..,..,..,..,..,..,..,..,..,..,..,..,..,..,..,..,..,..,..,..,..,..,..,..,..,..,..,..,..,..,..,..,..,..,..,..,..,..,..,..,..,..,..,..,..,..,..,..,..,..,..,..,..,..,..,..,..,..,..,..,..,..,..,..,..,..,..,..,..,..,..
"....Cavite","Palay [Paddy] Other Variety, dry (conv. to 14% mc)",17.20,18.29,18.43,19.01,18.46,18.74,17.40,19.45,17.51,17.49,15.77,16.31,17.84,15.62,16.31,14.91,14.51,14.33,13.76,13.87,14.41,14.33,13.46,14.33,13.43,14.44,14.01,14.69,15.04,14.59,14.32,14.33,13.94,14.27,15.36,13.84,13.89,14.70,14.42,16.19,16.40,15.82,16.72,17.01,16.85,16.45,16.25,16.05,14.98,14.75,14.78,16.02,16.74,17.44,18.92,20.70,19.45,18.74,18.43,19.00,19.76,17.40,17.40,17.40,18.45,17.00,17.43,15.36,14.54,14.21,12.26,12.10,13.01,12.18,13.33,13.71,13.71,14.07,13.47,13.22,14.72,15.37,15.71,14.01,12.69,13.20,13.03,11.88,10.97,15.23,13.63,16.02,15.50,15.95,15.38,15.92,16.24,13.33,13.05,13.15,12.78,13.35,14.67,14.61,14.17,15.82,14.97,14.75,15.02,13.92,15.68,13.20,13.77,15.06,13.87,15.37,14.63,15.23,17.57,15.68,16.93,17.46,17.77,19.06,19.45,16.96,19.34,19.66,21.99,18.09,23.92,23.97,..,..,..,..,..,..,..,..,..,..,..
"....Cavite","Corngrain [Maize] White, matured",..,..,..,..,..,..,..,..,..,..,..,..,..,..,..,..,..,..,..,..,..,..,..,..,..,..,..,..,..,..,..,..,..,..,..,..,..,..,..,..,..,..,..,..,..,..,..,..,..,..,..,..,..,..,..,..,..,..,..,..,..,..,..,..,..,30.00,29.41,29.41,..,..,..,..,..,..,..,..,..,29.61,..,..,..,..,..,..,..,..,..,..,..,..,..,..,..,..,..,..,..,..,..,..,..,..,..,..,..,..,..,..,..,..,..,..,..,..,..,..,..,..,..,..,..,..,..,..,..,..,..,..,..,..,..,..,..,..,..,..,..,..,..,..,..,..,..
"....Cavite","Corngrain [Maize] Yellow, matured",..,..,..,..,..,..,..,..,..,..,..,..,..,..,18.00,..,..,..,..,..,..,..,18.00,..,16.00,17.33,16.00,..,..,..,..,..,..,..,..,..,..,13.82,14.91,..,20.98,18.00,18.50,..,..,..,..,..,..,..,15.00,18.12,15.00,15.00,..,..,..,..,..,..,21.00,..,..,15.00,16.50,17.40,..,..,17.19,..,..,..,..,13.80,..,..,20.00,17.10,15.00,18.00,..,14.80,..,..,..,..,..,19.50,..,19.50,17.36,..,19.00,..,15.00,..,..,..,..,..,20.00,..,19.00,18.25,18.97,19.00,..,19.00,..,..,..,..,..,..,20.00,20.00,19.39,24.01,22.13,25.88,20.36,..,..,..,..,..,24.73,25.68,20.03,23.26,..,..,..,..,..,..,..,..,..,..,..,..,..
"....Cavite","Green Corn (Maize, green), White",..,..,..,..,..,..,24.94,20.00,..,..,..,..,22.47,..,..,..,..,..,..,26.67,21.16,..,..,..,..,23.92,..,..,..,..,..,..,23.39,14.87,..,..,..,..,19.13,..,..,..,..,..,..,27.12,29.34,..,..,..,..,28.23,..,..,..,..,..,..,21.23,23.89,..,..,..,..,22.56,..,..,..,..,..,..,21.06,26.88,19.50,25.00,30.00,28.04,25.08,28.70,30.00,25.22,..,..,20.00,29.57,32.00,29.72,..,..,40.00,29.40,40.00,39.47,39.29,..,..,20.83,35.88,39.40,37.81,..,50.00,25.16,36.43,29.41,39.15,36.77,..,..,..,40.00,39.06,45.00,..,36.01,35.63,37.63,55.63,57.51,..,38.00,..,24.00,52.72,45.94,40.20,..,..,50.82,45.60,..,..,..,..,..,..,..,..,..,..,..,..,..
"....Cavite","Green Corn (Maize, green), Yellow",..,..,..,..,..,..,..,..,..,..,..,..,..,..,..,..,..,..,..,..,..,..,..,..,..,..,..,..,..,..,..,..,..,..,..,..,..,..,..,..,..,..,..,..,..,..,..,..,..,..,..,..,..,..,..,..,..,..,..,..,..,..,..,..,..,..,..,..,..,..,..,..,..,..,..,..,..,..,..,..,..,..,..,..,..,..,..,..,..,..,..,..,..,..,..,..,..,..,..,..,..,..,..,..,..,..,..,..,..,..,..,..,..,..,..,..,..,..,..,..,..,..,..,..,..,..,..,..,..,..,..,..,..,..,..,..,..,..,..,..,..,..,..
"....Laguna","Palay [Paddy] Fancy, dry (conv. to 14% mc)",..,..,..,..,..,..,..,..,..,..,..,..,..,..,..,..,..,..,..,..,..,..,..,..,..,..,..,..,..,..,..,..,..,..,..,..,..,..,..,..,..,..,..,..,..,..,..,..,..,..,..,..,..,..,..,..,..,..,..,..,..,..,..,..,..,..,..,..,..,..,..,..,..,..,..,..,..,..,..,..,..,..,..,..,..,..,..,..,..,..,..,..,..,..,..,..,..,..,..,..,..,..,..,..,..,..,..,..,..,..,..,..,..,..,..,..,..,..,..,..,..,..,..,..,..,..,..,..,..,..,..,..,..,..,..,..,..,..,..,..,..,..,..
"....Laguna","Palay [Paddy] Other Variety, dry (conv. to 14% mc)",16.18,17.50,19.03,19.00,20.01,20.03,20.10,19.40,19.55,19.14,18.53,17.78,18.85,17.16,17.73,15.24,13.89,14.78,15.13,15.12,15.11,15.14,13.96,15.35,15.07,15.31,15.22,14.97,15.72,15.14,15.77,16.08,16.06,13.32,16.19,16.19,14.81,14.33,15.32,17.40,17.37,16.81,16.69,17.07,17.39,14.56,16.78,17.48,16.36,14.56,16.38,16.57,16.96,18.40,19.73,19.60,19.21,16.39,17.08,21.66,21.55,18.42,18.36,18.92,18.86,18.24,18.92,17.29,16.17,15.43,16.14,13.86,11.98,13.85,14.92,12.87,12.87,15.21,12.47,14.23,16.64,20.08,17.57,17.53,15.59,17.87,13.75,13.31,13.10,13.61,15.48,15.53,18.66,17.14,17.07,16.24,14.80,13.66,16.03,14.21,14.51,14.51,14.16,15.54,14.66,17.17,16.29,14.86,15.03,14.99,15.46,15.88,16.11,15.72,14.76,14.99,15.49,16.02,16.25,17.95,17.69,17.53,18.13,18.31,22.34,20.01,19.22,20.54,23.06,18.92,23.60,24.84,..,..,..,..,..,..,..,..,..,..,..
"....Laguna","Corngrain [Maize] White, matured",..,..,..,..,..,..,..,..,..,..,..,..,..,..,..,..,..,..,..,..,..,..,..,..,..,..,..,..,..,..,..,..,..,..,..,..,..,..,..,..,..,..,..,..,..,..,..,..,..,..,..,..,..,..,..,..,..,..,..,..,..,..,..,..,..,..,..,..,..,..,..,..,..,..,..,..,..,..,..,..,..,..,..,..,..,..,..,..,..,..,..,..,..,..,..,..,..,..,..,..,..,..,..,..,..,..,..,..,..,..,..,..,..,..,..,..,..,..,..,..,..,..,..,..,..,..,..,..,..,..,..,..,..,..,..,..,..,..,..,..,..,..,..
"....Laguna","Corngrain [Maize] Yellow, matured",..,..,12.81,14.18,..,..,..,..,..,..,13.22,14.32,13.63,..,13.62,13.62,13.22,..,..,13.00,..,..,..,14.00,..,13.49,..,13.00,..,12.59,..,..,10.00,..,..,..,11.85,12.38,11.96,..,..,11.63,12.62,12.62,..,14.00,14.50,..,13.49,..,..,13.14,..,13.59,13.68,11.61,12.44,..,..,..,13.76,16.66,..,..,13.62,..,14.00,14.72,14.00,..,..,..,..,15.00,..,15.00,..,14.54,17.00,..,12.00,15.00,..,..,..,..,14.00,12.00,..,..,14.00,14.02,14.00,..,13.00,17.00,..,..,..,20.00,20.00,..,..,16.34,20.00,20.00,18.00,18.00,..,..,..,..,18.00,..,..,22.00,19.33,22.00,22.00,22.00,22.12,20.00,20.00,..,..,20.00,..,..,22.00,21.27,..,..,..,..,..,..,..,..,..,..,..,..,..
"....Laguna","Green Corn (Maize, green), White",17.31,16.53,17.45,17.18,17.06,17.13,18.19,19.69,18.93,17.56,17.05,17.08,17.60,16.74,15.80,16.16,16.52,15.60,17.19,23.93,15.10,15.78,15.89,22.17,26.54,18.12,26.59,22.80,19.50,16.30,19.02,18.36,11.89,25.29,20.88,16.03,20.43,20.69,19.82,17.22,17.82,17.20,19.17,23.66,18.09,17.10,21.48,24.14,15.26,17.60,25.40,19.51,21.00,21.56,19.32,21.57,22.06,18.71,20.00,17.16,15.34,22.16,24.53,20.83,20.35,17.85,15.00,16.39,30.34,20.40,16.21,18.47,19.78,19.15,22.88,23.00,19.68,19.93,19.62,17.78,25.00,25.00,..,21.56,20.07,17.09,23.00,22.94,24.67,27.40,22.19,22.50,23.32,23.31,24.19,25.00,21.67,21.47,22.30,26.43,25.00,21.11,29.12,23.79,25.72,28.00,29.98,28.85,24.38,28.40,32.91,29.34,31.49,29.79,30.00,32.27,29.26,32.96,35.71,40.00,38.60,44.49,40.00,39.49,36.19,44.11,36.51,36.67,36.50,38.44,..,..,..,..,..,..,..,..,..,..,..,..,..
"....Laguna","Green Corn (Maize, green), Yellow",..,..,..,..,..,..,..,..,..,..,..,..,..,..,..,..,..,..,..,..,..,..,..,..,..,..,..,..,..,..,..,..,..,..,..,..,..,..,..,..,..,..,..,..,..,..,..,..,..,..,..,..,..,..,..,..,..,..,..,..,..,..,..,..,..,..,..,..,..,..,..,..,..,..,..,..,..,..,..,..,..,..,..,..,..,..,..,..,..,..,..,..,..,..,..,..,..,..,..,..,..,..,..,..,..,..,..,..,..,..,..,..,..,..,..,..,..,..,..,..,..,..,..,..,..,..,..,..,..,..,..,..,..,..,..,..,..,..,..,..,..,..,..
"....Quezon","Palay [Paddy] Fancy, dry (conv. to 14% mc)",..,..,..,..,..,..,..,..,..,..,..,..,..,..,..,..,..,..,..,..,..,..,..,..,..,..,..,..,..,..,..,..,..,..,..,..,..,..,..,..,..,..,..,..,..,..,..,..,..,..,..,..,..,..,..,..,..,..,..,..,..,..,..,..,..,..,..,..,..,..,..,..,..,..,..,..,..,..,..,..,..,..,..,..,..,..,..,..,..,..,..,..,..,..,..,..,..,..,..,..,..,..,..,..,..,..,..,..,..,..,..,..,..,..,..,..,..,..,..,..,..,..,..,..,..,..,..,..,..,..,..,..,..,..,..,..,..,..,..,..,..,..,..
"....Quezon","Palay [Paddy] Other Variety, dry (conv. to 14% mc)",16.51,19.45,17.00,19.35,19.91,20.97,20.99,..,21.08,17.07,15.67,13.90,18.35,14.78,14.79,15.35,15.02,14.70,17.29,16.10,15.82,16.11,15.64,16.59,15.09,15.61,15.72,15.79,16.01,16.45,16.35,16.05,16.89,15.21,17.46,15.82,16.93,15.67,16.20,15.59,16.68,17.26,17.12,17.51,17.14,17.88,17.71,17.92,17.62,15.53,17.29,17.10,17.29,20.64,20.09,19.45,20.48,19.45,19.45,22.01,22.06,21.69,19.45,20.15,20.18,19.45,18.67,16.10,16.10,15.99,14.57,15.23,..,15.43,15.53,13.02,13.81,15.81,14.13,15.53,16.75,17.11,17.64,15.76,16.75,17.60,16.17,12.63,10.69,15.49,15.52,17.16,17.21,16.65,17.29,16.75,17.26,15.23,15.23,14.41,13.32,15.61,15.16,15.94,15.23,17.49,16.71,16.24,16.41,16.16,16.45,17.48,16.83,18.37,17.24,17.26,16.82,17.33,16.24,18.88,18.90,18.16,17.56,17.91,21.15,21.58,23.19,23.26,22.52,19.72,22.34,26.11,..,..,..,..,..,..,..,..,..,..,..
"....Quezon","Corngrain [Maize] White, matured",..,..,..,..,..,..,..,..,..,..,..,..,..,..,..,..,..,..,..,..,..,..,..,..,..,..,..,..,..,..,..,..,..,..,..,..,..,..,..,..,..,..,..,..,..,..,..,..,..,..,..,..,..,..,..,..,..,..,..,..,..,..,..,..,..,..,..,..,..,..,..,..,..,..,..,..,..,..,..,..,..,..,..,..,..,..,..,..,..,..,..,..,..,..,..,..,..,..,..,..,..,..,..,..,..,..,..,..,..,..,..,..,..,..,..,..,..,..,..,..,..,..,..,..,..,..,..,..,..,..,..,..,..,..,..,..,..,..,..,..,..,..,..
"....Quezon","Corngrain [Maize] Yellow, matured",13.00,13.00,13.48,13.63,12.50,12.00,12.61,..,..,12.49,11.91,12.47,12.71,12.14,15.50,13.03,12.40,12.50,..,..,..,12.64,12.14,..,..,12.91,12.06,12.40,12.93,12.38,13.28,14.00,14.00,..,12.79,12.69,12.85,13.00,12.94,13.00,..,12.56,12.51,..,12.50,..,13.00,11.67,11.58,11.84,11.68,12.26,..,..,12.53,12.14,..,..,..,..,11.02,15.21,15.11,14.41,13.40,..,..,11.03,13.59,..,..,..,..,14.02,11.87,11.56,13.00,12.51,..,..,14.00,13.50,13.04,..,..,..,12.07,11.61,11.35,10.00,12.22,..,..,12.12,12.42,..,..,..,..,15.00,14.19,17.69,14.05,14.25,..,..,18.71,17.61,..,..,..,..,16.64,17.64,20.50,18.40,18.25,..,..,20.51,19.29,..,..,..,..,16.72,16.92,19.42,19.00,18.64,..,..,..,..,..,..,..,..,..,..,..,..,..
"....Quezon","Green Corn (Maize, green), White",..,14.63,15.42,16.02,..,..,..,15.33,15.29,15.78,12.00,..,14.92,..,15.44,15.00,14.02,..,..,12.00,14.74,14.07,10.43,..,..,13.67,..,11.33,16.55,15.00,..,..,..,15.80,17.99,15.10,..,..,15.30,..,19.12,25.00,20.00,..,..,..,15.00,15.00,14.47,18.00,18.00,18.07,18.00,15.61,16.66,15.00,..,..,..,17.63,18.97,..,18.00,17.00,17.11,..,19.80,17.71,18.44,..,..,17.88,17.88,10.67,18.00,20.00,18.00,17.60,18.00,18.49,20.00,18.00,20.30,..,18.00,18.77,18.00,18.00,19.14,18.00,18.61,24.70,..,21.59,..,..,..,..,..,..,18.00,20.00,20.00,20.86,18.00,21.99,20.15,22.03,..,..,20.00,21.28,30.00,20.00,20.00,20.00,21.35,22.00,28.49,38.29,34.87,..,..,25.00,25.42,24.76,25.00,20.00,20.00,26.38,..,..,..,..,..,..,..,..,..,..,..,..,..
"....Quezon","Green Corn (Maize, green), Yellow",..,..,..,..,..,..,..,..,..,..,..,..,..,..,..,..,..,..,..,..,..,..,..,..,..,..,..,..,..,..,..,..,..,..,..,..,..,..,..,..,..,..,..,..,..,..,..,..,..,..,..,..,..,..,..,..,..,..,..,..,..,..,..,..,..,..,..,..,..,..,..,..,..,..,..,..,..,..,..,..,..,..,..,..,..,..,..,..,..,..,..,..,..,..,..,..,..,..,..,..,..,..,..,..,..,..,..,..,..,..,..,..,..,..,..,..,..,..,..,..,..,..,..,..,..,..,..,..,..,..,..,..,..,..,..,..,..,..,..,..,..,..,..
"....Rizal","Palay [Paddy] Fancy, dry (conv. to 14% mc)",..,..,..,..,..,..,..,..,..,..,..,..,..,..,..,..,..,..,..,..,..,..,..,..,..,..,..,..,..,..,..,..,..,..,..,..,..,..,..,..,..,..,..,..,..,..,..,..,..,..,..,..,..,..,..,..,..,..,..,..,..,..,..,..,..,..,..,..,..,..,..,..,..,..,..,..,..,..,..,..,..,..,..,..,..,..,..,..,..,..,..,..,..,..,..,..,..,..,..,..,..,..,..,..,..,..,..,..,..,..,..,..,..,..,..,..,..,..,..,..,..,..,..,..,..,..,..,..,..,..,..,..,..,..,..,..,..,..,..,..,..,..,..
"....Rizal","Palay [Paddy] Other Variety, dry (conv. to 14% mc)",16.40,16.57,17.54,18.59,19.39,20.97,21.56,21.83,21.64,19.43,17.80,15.99,18.98,16.08,15.37,15.88,14.84,14.79,14.85,14.76,15.92,15.84,14.84,14.86,14.86,15.24,12.42,16.36,14.62,16.59,13.67,13.88,14.27,15.36,16.68,14.86,14.75,15.13,14.88,14.93,15.01,16.00,16.11,16.53,15.56,15.36,18.43,16.04,15.86,15.04,16.14,15.92,15.61,17.44,17.33,18.89,18.79,17.23,14.82,17.32,22.11,19.36,17.14,16.72,17.73,18.71,17.40,16.80,16.34,15.19,16.08,14.21,14.11,12.23,12.64,11.86,11.90,14.79,15.13,13.91,18.05,19.05,17.99,17.05,18.27,20.00,17.28,16.08,16.08,16.36,17.10,14.74,16.71,16.19,16.57,16.05,16.24,19.02,17.35,15.37,15.87,15.22,16.22,16.30,15.49,15.30,16.34,16.38,16.43,18.00,19.50,16.92,16.64,15.79,16.12,16.44,16.61,16.87,16.93,17.23,17.77,17.39,17.85,18.18,18.11,18.89,19.20,21.52,22.29,18.52,22.98,24.55,..,..,..,..,..,..,..,..,..,..,..
"....Rizal","Corngrain [Maize] White, matured",..,..,..,..,..,..,..,..,..,..,..,..,..,..,..,..,..,..,..,..,..,..,..,..,..,..,..,..,..,..,..,..,..,..,..,..,..,..,..,..,..,..,..,..,..,..,..,..,..,..,..,..,..,..,..,..,..,..,..,..,..,..,..,..,..,..,..,..,..,..,..,..,..,..,..,..,..,..,..,..,..,..,..,..,..,..,..,..,..,..,..,..,..,..,..,..,..,..,..,..,..,..,..,..,..,..,..,..,..,..,..,..,..,..,..,..,..,..,..,..,..,..,..,..,..,..,..,..,..,..,..,..,..,..,..,..,..,..,..,..,..,..,..
"....Rizal","Corngrain [Maize] Yellow, matured",..,..,..,..,..,..,..,..,..,..,..,..,..,..,..,..,..,..,..,..,..,..,..,..,..,..,..,..,..,..,..,..,..,..,..,..,..,..,..,..,..,..,..,..,..,..,..,..,..,..,..,..,..,13.80,14.07,14.25,14.31,..,..,..,19.29,15.05,..,..,15.13,..,13.89,14.37,16.07,14.38,..,..,..,14.08,13.60,12.52,..,14.13,..,14.09,13.55,13.67,..,..,..,..,11.49,11.50,14.00,..,13.05,..,..,13.19,14.64,..,..,..,..,18.78,17.13,16.90,..,16.13,..,..,17.93,16.79,..,..,..,..,19.74,18.33,20.00,..,18.56,19.79,21.00,20.50,19.85,..,..,..,..,..,..,18.84,19.00,19.83,..,..,..,..,..,..,..,..,..,..,..,..,..
"....Rizal","Green Corn (Maize, green), White",22.62,18.96,19.29,23.08,23.73,23.85,23.89,23.94,23.84,22.81,23.16,23.33,22.71,20.82,16.21,17.01,24.13,24.28,24.47,16.11,16.52,19.50,19.49,19.57,19.57,19.81,21.68,21.58,16.94,14.54,22.70,19.63,15.56,17.04,21.51,24.31,24.20,21.04,20.06,20.10,21.37,21.68,20.36,22.46,23.60,20.55,20.05,20.70,24.31,20.16,21.26,21.38,22.53,25.00,24.80,..,..,..,..,23.48,21.94,25.00,21.57,21.36,23.21,22.50,20.91,20.06,21.19,20.00,..,20.00,23.64,21.43,22.27,25.00,24.39,21.94,22.92,24.84,25.88,25.00,27.44,26.29,25.42,25.00,25.00,27.65,29.38,28.00,26.07,28.69,..,27.72,..,..,..,24.31,30.00,32.12,29.24,28.13,26.55,28.35,..,..,..,..,..,..,..,..,..,..,..,..,..,..,..,..,..,..,..,..,..,..,..,..,..,..,..,..,..,..,..,..,..,..,..,..,..,..,..
"....Rizal","Green Corn (Maize, green), Yellow",..,..,..,..,..,..,..,..,..,..,..,..,..,..,..,..,..,..,..,..,..,..,..,..,..,..,..,..,..,..,..,..,..,..,..,..,..,..,..,..,..,..,..,..,..,..,..,..,..,..,..,..,..,..,..,..,..,..,..,..,..,..,..,..,..,..,..,..,..,..,..,..,..,..,..,..,..,..,..,..,..,..,..,..,..,..,..,..,..,..,..,..,..,..,..,..,..,..,..,..,..,..,..,..,..,..,..,..,..,..,..,..,..,..,..,..,..,..,..,..,..,..,..,..,..,..,..,..,..,..,..,..,..,..,..,..,..,..,..,..,..,..,..
"..MIMAROPA REGION","Palay [Paddy] Fancy, dry (conv. to 14% mc)",..,22.60,20.02,20.74,..,..,..,22.61,21.81,21.73,..,..,21.59,16.37,19.18,16.77,18.04,16.79,17.57,19.86,19.33,18.72,16.72,17.37,17.38,17.84,18.71,17.87,17.46,18.86,19.68,..,..,19.03,18.56,17.12,18.91,20.97,18.72,18.43,23.28,22.23,21.99,21.77,..,20.70,21.61,19.93,19.04,..,..,21.00,22.60,23.63,23.65,24.40,..,..,..,25.29,24.13,23.88,..,..,23.94,19.59,23.72,23.28,21.60,23.05,..,..,18.85,20.75,17.04,18.62,21.58,20.81,21.35,18.08,17.35,18.34,19.27,22.17,21.13,19.44,17.68,16.67,14.76,18.36,18.72,17.82,20.34,21.10,22.48,22.60,23.75,24.01,17.31,15.01,14.45,16.24,16.18,19.27,17.91,17.37,16.97,16.92,17.57,17.73,17.75,18.97,18.31,19.10,19.49,19.76,18.15,19.23,18.56,18.12,20.61,20.90,21.57,22.08,22.71,22.61,20.98,22.03,22.25,20.97,26.54,27.02,..,..,..,..,..,..,..,..,..,..,..
"..MIMAROPA REGION","Palay [Paddy] Other Variety, dry (conv. to 14% mc)",16.78,17.02,17.98,18.81,19.52,19.76,19.88,19.89,18.72,17.67,18.21,18.06,18.53,17.81,17.75,16.88,17.10,17.39,18.06,18.32,16.87,16.97,16.82,16.82,16.49,17.27,16.70,17.07,16.76,17.77,18.28,18.86,18.69,17.81,17.10,16.01,16.64,17.35,17.42,17.14,18.04,17.93,18.16,18.77,18.61,18.86,18.48,17.79,16.96,17.59,18.28,18.05,18.76,19.05,19.87,20.42,20.51,20.54,19.84,21.44,21.28,20.90,19.91,20.19,20.23,19.13,19.68,19.55,19.48,19.68,19.52,19.36,17.29,16.01,15.54,15.51,16.79,18.13,16.45,15.98,16.90,18.22,18.33,18.65,19.01,17.51,17.81,17.52,15.67,17.52,17.46,17.13,17.06,18.06,18.19,17.80,18.37,18.24,17.12,16.12,16.44,15.67,16.15,17.20,16.71,17.17,17.33,16.85,16.77,17.05,17.25,17.29,17.28,17.32,17.70,18.11,17.24,17.39,18.20,17.69,18.27,18.29,18.43,18.93,21.69,19.93,19.70,20.19,20.13,19.07,24.08,24.88,..,..,..,..,..,..,..,..,..,..,..
"..MIMAROPA REGION","Corngrain [Maize] White, matured",..,..,..,..,..,..,..,..,..,..,..,..,..,..,..,..,..,..,..,..,..,..,..,..,..,..,..,..,..,..,..,..,..,..,..,..,..,..,..,..,..,..,..,..,..,..,..,..,..,..,..,..,..,..,..,..,..,..,..,..,..,..,..,..,..,..,..,..,..,..,..,..,..,..,..,..,..,..,..,..,..,..,..,..,..,..,..,..,..,..,..,..,..,..,..,..,..,..,..,..,..,..,..,..,..,..,..,..,..,..,..,..,..,..,..,..,..,..,..,..,..,..,..,..,..,..,..,..,..,..,..,..,..,..,..,..,..,..,..,..,..,..,..
"..MIMAROPA REGION","Corngrain [Maize] Yellow, matured",11.95,12.22,13.38,13.17,13.45,12.33,13.18,13.85,13.05,11.38,12.48,12.51,12.75,12.64,12.46,13.53,12.88,13.04,15.17,13.20,13.47,14.41,12.30,13.60,12.56,13.27,12.73,15.31,14.93,13.06,12.29,13.01,12.20,12.04,12.93,12.98,12.70,12.67,13.07,12.94,14.59,12.93,14.17,12.09,11.25,12.19,11.96,12.28,11.36,12.26,..,12.55,13.51,13.09,14.06,13.91,13.42,14.96,15.11,11.71,12.95,15.05,14.09,15.10,13.91,15.36,15.55,14.37,15.15,16.31,13.60,15.45,16.38,14.54,15.29,15.36,15.64,15.25,15.20,17.32,16.20,13.67,13.69,18.78,15.04,13.77,11.26,13.35,15.78,14.04,14.84,15.01,15.51,13.67,14.75,16.18,17.83,14.77,16.65,16.22,16.44,20.83,18.34,16.35,19.76,19.03,18.13,17.83,18.04,18.34,21.36,20.51,20.02,19.87,21.71,22.00,19.72,22.28,22.22,20.99,18.20,17.41,18.71,19.66,19.93,20.00,19.15,18.88,18.12,19.63,..,..,..,..,..,..,..,..,..,..,..,..,..
"..MIMAROPA REGION","Green Corn (Maize, green), White",21.71,25.46,25.54,27.27,30.28,..,18.84,20.94,20.35,16.38,25.29,25.73,23.44,25.44,22.01,22.67,22.89,23.92,..,17.24,22.68,23.12,15.36,23.20,23.45,22.00,22.75,22.53,22.11,27.14,29.36,..,16.87,16.47,17.41,15.19,25.11,21.48,21.49,20.53,20.64,19.44,23.57,23.23,..,15.90,16.29,20.33,11.44,23.60,23.83,19.89,22.00,20.81,22.58,32.58,39.98,..,14.68,18.65,25.01,32.43,30.87,14.43,24.91,24.39,11.62,20.49,28.99,34.80,..,18.36,18.95,22.56,19.10,24.09,20.39,22.16,33.21,23.54,32.16,30.25,28.48,30.43,21.52,19.77,23.01,25.29,22.05,19.33,25.75,27.17,24.71,31.88,31.08,35.37,26.70,26.43,23.96,28.67,26.89,26.50,27.06,28.04,33.70,36.01,36.19,34.06,36.00,38.14,32.34,24.74,33.84,32.55,36.76,35.67,34.17,41.03,41.00,36.72,38.56,38.85,47.30,35.11,31.75,34.76,32.52,47.39,55.27,40.02,..,..,..,..,..,..,..,..,..,..,..,..,..
"..MIMAROPA REGION","Green Corn (Maize, green), Yellow",..,..,..,..,..,..,..,..,..,..,..,..,..,..,..,..,..,..,..,..,..,..,..,..,..,..,..,..,..,..,..,..,..,..,..,..,..,..,..,..,..,..,..,..,..,..,..,..,..,..,..,..,..,..,..,..,..,..,..,..,..,..,..,..,..,..,..,..,..,..,..,..,..,..,..,..,..,..,..,..,..,..,..,..,..,..,..,..,..,..,..,..,..,..,..,..,..,..,..,..,..,..,..,..,..,..,..,..,..,..,..,..,..,..,..,..,..,..,..,..,..,..,..,..,..,..,..,..,..,..,..,..,..,..,..,..,..,..,..,..,..,..,..
"....Marinduque","Palay [Paddy] Fancy, dry (conv. to 14% mc)",..,..,..,..,..,..,..,..,..,..,..,..,..,..,..,..,..,..,..,..,..,..,..,..,..,..,..,..,..,..,..,..,..,..,..,..,..,..,..,..,..,..,..,..,..,..,..,..,..,..,..,..,..,..,..,..,..,..,..,..,..,..,..,..,..,..,..,..,..,..,..,..,..,..,..,..,..,..,..,..,..,..,..,..,..,..,..,..,..,..,..,..,..,..,..,..,..,..,..,..,..,..,..,..,..,..,..,..,..,..,..,..,..,..,..,..,..,..,..,..,..,..,..,..,..,..,..,..,..,..,..,..,..,..,..,..,..,..,..,..,..,..,..
"....Marinduque","Palay [Paddy] Other Variety, dry (conv. to 14% mc)",..,14.46,14.70,15.82,..,..,..,..,..,15.42,15.44,14.98,15.14,..,16.45,16.55,16.47,..,..,..,..,..,..,..,..,16.49,..,..,14.56,..,..,..,..,..,..,..,..,..,14.56,..,..,..,..,..,..,..,..,..,16.57,16.36,..,16.47,..,..,..,..,..,..,..,..,21.19,24.66,..,25.00,23.62,..,23.03,..,20.00,..,..,..,..,..,..,..,20.00,21.01,..,..,..,20.02,..,..,..,..,23.22,21.09,..,21.00,21.33,..,..,18.91,..,..,..,..,..,..,19.75,..,..,19.33,..,..,..,..,..,..,..,..,..,..,..,..,..,..,..,..,..,..,..,..,..,..,..,..,..,..,..,..,..,..,..,..,..,..,..,..,..,..,..
"....Marinduque","Corngrain [Maize] White, matured",..,..,..,..,..,..,..,..,..,..,..,..,..,..,..,..,..,..,..,..,..,..,..,..,..,..,..,..,..,..,..,..,..,..,..,..,..,..,..,..,..,..,..,..,..,..,..,..,..,..,..,..,..,..,..,..,..,..,..,..,..,..,..,..,..,..,..,..,..,..,..,..,..,..,..,..,..,..,..,..,..,..,..,..,..,..,..,..,..,..,..,..,..,..,..,..,..,..,..,..,..,..,..,..,..,..,..,..,..,..,..,..,..,..,..,..,..,..,..,..,..,..,..,..,..,..,..,..,..,..,..,..,..,..,..,..,..,..,..,..,..,..,..
"....Marinduque","Corngrain [Maize] Yellow, matured",..,..,..,..,..,..,..,..,..,..,..,..,..,..,..,..,..,..,..,..,..,..,..,..,..,..,..,..,..,..,..,..,..,..,..,..,..,..,..,..,..,..,..,..,..,..,..,..,..,..,..,..,..,..,..,..,..,..,..,..,..,..,..,..,..,..,..,..,..,..,..,..,..,..,..,..,..,..,..,..,..,..,..,..,..,..,..,..,..,..,..,..,..,..,..,..,..,..,..,..,..,..,..,..,..,..,..,..,..,..,..,..,..,..,..,..,..,..,..,..,..,..,..,..,..,..,..,..,..,..,..,..,..,..,..,..,..,..,..,..,..,..,..
"....Marinduque","Green Corn (Maize, green), White",..,..,..,..,..,..,..,20.87,24.56,..,..,..,22.72,..,..,..,..,..,..,..,35.17,32.63,..,..,..,33.90,..,..,..,..,..,..,..,..,..,..,..,..,..,..,..,17.37,..,..,..,..,..,..,..,26.67,..,22.02,..,..,..,43.95,50.00,..,..,..,36.05,50.00,43.30,..,44.66,..,..,..,43.58,45.56,..,..,..,30.12,..,34.83,..,38.52,47.94,..,47.87,48.63,40.00,38.52,..,..,37.44,45.89,..,..,43.76,..,..,49.80,44.50,50.92,..,..,..,41.80,..,..,..,46.76,40.00,51.61,55.67,55.89,57.38,50.86,47.28,..,56.25,52.50,52.31,44.83,51.33,57.10,61.56,53.23,63.31,58.33,55.36,49.65,42.24,44.68,49.64,59.20,68.59,55.24,..,..,..,..,..,..,..,..,..,..,..,..,..
"....Marinduque","Green Corn (Maize, green), Yellow",..,..,..,..,..,..,..,..,..,..,..,..,..,..,..,..,..,..,..,..,..,..,..,..,..,..,..,..,..,..,..,..,..,..,..,..,..,..,..,..,..,..,..,..,..,..,..,..,..,..,..,..,..,..,..,..,..,..,..,..,..,..,..,..,..,..,..,..,..,..,..,..,..,..,..,..,..,..,..,..,..,..,..,..,..,..,..,..,..,..,..,..,..,..,..,..,..,..,..,..,..,..,..,..,..,..,..,..,..,..,..,..,..,..,..,..,..,..,..,..,..,..,..,..,..,..,..,..,..,..,..,..,..,..,..,..,..,..,..,..,..,..,..
"....Occidental Mindoro","Palay [Paddy] Fancy, dry (conv. to 14% mc)",..,..,..,..,..,..,..,..,..,..,..,..,..,..,..,..,..,..,..,..,..,..,..,..,..,..,..,..,..,..,..,..,..,..,..,..,..,..,..,..,..,..,..,..,..,..,..,..,..,..,..,..,..,..,..,..,..,..,..,..,..,..,..,..,..,..,..,..,..,..,..,..,..,..,..,..,..,..,..,..,..,..,..,..,..,..,..,..,..,..,..,..,..,..,..,..,..,..,..,..,..,..,..,..,..,..,..,..,..,..,..,..,..,..,..,..,..,..,..,..,..,..,..,..,..,..,..,..,..,..,..,..,..,..,..,..,..,..,..,..,..,..,..
"....Occidental Mindoro","Palay [Paddy] Other Variety, dry (conv. to 14% mc)",17.88,19.45,19.59,20.58,19.21,19.35,19.54,19.92,20.04,20.01,19.44,18.80,19.48,19.80,19.19,17.11,16.99,17.18,17.39,17.64,17.82,17.95,17.29,17.20,17.19,17.73,16.84,16.71,17.04,17.26,17.31,17.41,17.93,18.03,18.19,17.42,17.72,17.38,17.44,17.42,17.72,18.00,18.26,19.56,19.36,19.21,19.39,18.88,18.20,18.48,..,18.59,20.17,20.18,22.42,22.59,21.69,22.15,21.20,22.41,22.80,19.80,20.12,19.36,21.24,20.49,19.34,19.76,19.74,19.88,18.08,18.43,15.88,16.43,16.17,16.65,16.74,18.13,15.97,14.83,16.97,19.64,19.04,18.49,17.99,16.90,15.75,16.93,16.60,16.67,17.15,17.98,19.51,19.22,18.80,19.07,19.19,17.92,18.41,17.31,16.42,17.43,17.46,18.23,15.86,18.45,19.90,17.88,17.98,17.40,17.78,17.08,17.07,17.21,17.57,18.17,17.70,17.23,21.54,21.46,20.70,18.75,18.58,..,26.53,20.83,20.71,22.75,..,20.91,29.19,27.74,..,..,..,..,..,..,..,..,..,..,..
"....Occidental Mindoro","Corngrain [Maize] White, matured",..,..,..,..,..,..,..,..,..,..,..,..,..,..,..,..,..,..,..,..,..,..,..,..,..,..,..,..,..,..,..,..,..,..,..,..,..,..,..,..,..,..,..,..,..,..,..,..,..,..,..,..,..,..,..,..,..,..,..,..,..,..,..,..,..,..,..,..,..,..,..,..,..,..,..,..,..,..,..,..,..,..,..,..,..,..,..,..,..,..,..,..,..,..,..,..,..,..,..,..,..,..,..,..,..,..,..,..,..,..,..,..,..,..,..,..,..,..,..,..,..,..,..,..,..,..,..,..,..,..,..,..,..,..,..,..,..,..,..,..,..,..,..
"....Occidental Mindoro","Corngrain [Maize] Yellow, matured",11.95,12.22,12.08,12.23,12.29,12.33,12.38,12.44,12.47,12.43,12.48,12.51,12.32,12.64,12.46,11.67,11.83,11.85,11.97,12.28,12.42,12.55,12.53,12.60,12.56,12.28,12.73,12.62,13.05,13.16,11.95,13.01,12.91,12.42,13.23,11.72,12.70,12.67,12.68,12.94,13.17,12.44,12.02,12.09,11.25,11.26,11.53,11.96,12.11,12.26,..,12.09,13.51,14.08,15.23,14.46,14.53,14.96,13.23,13.51,13.83,13.31,14.09,15.10,14.15,15.36,14.76,14.46,15.84,14.61,13.60,13.79,13.87,13.82,12.39,12.72,13.00,14.02,15.20,13.50,12.53,12.41,12.24,12.75,12.72,12.17,12.16,11.08,12.18,14.04,12.75,15.01,13.96,12.51,13.26,14.40,15.35,15.56,..,17.70,15.87,21.00,18.34,15.72,19.76,19.03,20.20,19.71,19.57,19.51,22.00,21.13,17.97,18.39,21.71,22.00,20.08,22.28,22.22,20.47,18.92,19.73,18.71,17.72,17.94,18.73,18.10,18.88,18.12,19.32,..,..,..,..,..,..,..,..,..,..,..,..,..
"....Occidental Mindoro","Green Corn (Maize, green), White",..,..,..,..,..,..,..,..,..,..,..,..,..,..,..,..,..,..,..,..,..,..,..,..,..,..,..,..,..,..,..,..,..,..,..,..,..,..,..,..,..,..,..,..,..,..,..,..,..,..,..,..,..,..,..,..,..,..,..,..,..,..,..,..,..,..,..,..,..,..,..,..,..,..,..,..,..,..,25.70,25.36,23.45,20.32,18.64,25.00,26.03,23.20,23.63,..,22.14,..,23.35,30.76,28.96,20.18,28.33,31.36,25.91,33.70,27.31,28.31,33.28,29.20,..,28.85,33.53,28.18,27.69,26.28,29.19,40.00,37.38,28.74,35.37,30.99,30.00,34.30,31.80,36.34,32.04,28.90,33.52,38.93,39.24,40.00,31.73,39.93,..,28.68,44.19,35.77,..,..,..,..,..,..,..,..,..,..,..,..,..
"....Occidental Mindoro","Green Corn (Maize, green), Yellow",..,..,..,..,..,..,..,..,..,..,..,..,..,..,..,..,..,..,..,..,..,..,..,..,..,..,..,..,..,..,..,..,..,..,..,..,..,..,..,..,..,..,..,..,..,..,..,..,..,..,..,..,..,..,..,..,..,..,..,..,..,..,..,..,..,..,..,..,..,..,..,..,..,..,..,..,..,..,..,..,..,..,..,..,..,..,..,..,..,..,..,..,..,..,..,..,..,..,..,..,..,..,..,..,..,..,..,..,..,..,..,..,..,..,..,..,..,..,..,..,..,..,..,..,..,..,..,..,..,..,..,..,..,..,..,..,..,..,..,..,..,..,..
"....Oriental Mindoro","Palay [Paddy] Fancy, dry (conv. to 14% mc)",..,22.60,20.02,20.74,..,..,..,22.61,21.81,21.73,..,..,21.59,16.37,19.18,16.77,18.04,16.79,17.57,19.86,19.33,18.72,16.72,17.37,17.38,17.84,18.71,17.87,17.46,18.86,19.68,..,..,19.03,18.56,17.12,18.91,20.97,18.72,18.43,23.28,22.23,21.99,21.77,..,20.70,21.61,19.93,19.04,..,..,21.00,22.60,23.63,23.65,24.40,..,..,..,25.29,24.13,23.88,..,..,23.94,19.59,23.72,23.28,21.60,23.05,..,..,18.85,20.75,17.04,18.62,21.58,20.81,21.35,18.08,17.35,18.34,19.27,22.17,21.13,19.44,17.68,16.67,14.76,18.36,18.72,17.82,20.34,21.10,22.48,22.60,23.75,24.01,17.31,15.01,14.45,16.24,16.18,19.27,17.91,17.37,16.97,16.92,17.57,17.73,17.75,18.97,18.31,19.10,19.49,19.76,18.15,19.23,18.56,18.12,20.61,20.90,21.57,22.08,22.71,22.61,20.98,22.03,22.25,20.97,26.54,27.02,..,..,..,..,..,..,..,..,..,..,..
"....Oriental Mindoro","Palay [Paddy] Other Variety, dry (conv. to 14% mc)",..,16.09,18.94,19.09,20.06,..,..,20.33,19.61,18.74,22.14,22.87,19.76,15.22,17.05,14.74,15.34,15.37,16.31,16.61,16.03,15.10,16.35,16.36,16.07,15.88,15.13,16.62,15.94,16.81,18.33,..,..,15.68,15.68,15.70,16.43,18.86,16.52,17.41,18.33,18.20,18.32,18.91,..,18.91,18.96,17.75,16.86,19.87,22.09,18.69,18.85,18.68,19.45,20.54,20.51,..,..,23.28,23.55,22.18,23.13,..,21.13,18.37,18.87,19.60,18.21,19.33,..,..,16.87,15.53,14.81,15.16,15.64,17.24,17.43,17.04,15.42,14.44,16.66,18.33,18.35,14.92,13.93,14.48,13.76,14.93,15.81,15.12,15.07,18.23,18.81,18.82,18.68,19.38,15.29,13.40,13.12,13.48,13.96,16.11,14.99,14.28,13.17,13.66,14.49,15.30,16.13,16.85,16.59,16.79,16.69,17.00,15.50,16.46,15.96,15.60,16.81,17.42,18.32,18.62,19.47,19.03,18.26,19.50,19.84,17.94,22.14,23.18,..,..,..,..,..,..,..,..,..,..,..
"....Oriental Mindoro","Corngrain [Maize] White, matured",..,..,..,..,..,..,..,..,..,..,..,..,..,..,..,..,..,..,..,..,..,..,..,..,..,..,..,..,..,..,..,..,..,..,..,..,..,..,..,..,..,..,..,..,..,..,..,..,..,..,..,..,..,..,..,..,..,..,..,..,..,..,..,..,..,..,..,..,..,..,..,..,..,..,..,..,..,..,..,..,..,..,..,..,..,..,..,..,..,..,..,..,..,..,..,..,..,..,..,..,..,..,..,..,..,..,..,..,..,..,..,..,..,..,..,..,..,..,..,..,..,..,..,..,..,..,..,..,..,..,..,..,..,..,..,..,..,..,..,..,..,..,..
"....Oriental Mindoro","Corngrain [Maize] Yellow, matured",..,..,14.68,14.11,14.61,..,..,14.86,14.47,..,..,..,14.55,..,..,15.38,13.92,14.23,18.36,..,14.42,15.50,14.13,14.59,..,15.07,..,18.00,16.80,12.96,12.63,..,..,..,15.35,16.00,..,..,15.29,..,16.00,13.42,16.31,..,..,..,11.53,13.94,..,..,..,14.24,..,12.10,12.88,13.35,12.31,..,..,..,15.41,14.86,..,..,13.49,..,16.33,14.27,14.45,18.00,..,..,17.35,14.73,17.06,18.00,18.27,16.50,..,21.13,19.87,14.92,15.14,24.81,..,14.87,9.40,14.56,19.38,..,17.12,..,17.06,14.82,16.23,17.96,20.31,..,18.69,17.60,17.91,20.66,..,17.92,..,..,16.06,15.94,16.50,17.16,21.18,..,21.95,21.53,..,..,18.62,..,..,21.51,17.48,15.08,..,..,..,21.65,18.28,..,..,18.80,..,..,..,..,..,..,..,..,..,..,..,..,..
"....Oriental Mindoro","Green Corn (Maize, green), White",..,..,..,..,..,..,..,..,..,..,..,..,..,..,..,..,..,..,..,..,..,..,..,..,..,..,..,..,..,..,..,..,..,..,..,..,..,..,..,..,..,..,..,..,..,..,..,..,..,..,..,..,..,..,..,..,..,..,..,..,..,..,..,..,..,..,12.12,9.59,13.72,29.06,..,..,17.73,22.59,19.05,18.21,21.09,18.13,..,22.02,21.21,16.68,21.75,27.78,..,16.85,15.83,13.28,23.27,..,19.85,..,21.50,19.74,21.37,27.62,27.48,..,24.80,27.80,26.06,25.15,..,24.61,..,..,23.97,22.52,22.50,23.56,30.94,..,27.30,27.83,..,..,25.52,..,..,39.85,32.50,29.08,..,..,..,31.80,27.94,..,..,32.23,..,..,..,..,..,..,..,..,..,..,..,..,..
"....Oriental Mindoro","Green Corn (Maize, green), Yellow",..,..,..,..,..,..,..,..,..,..,..,..,..,..,..,..,..,..,..,..,..,..,..,..,..,..,..,..,..,..,..,..,..,..,..,..,..,..,..,..,..,..,..,..,..,..,..,..,..,..,..,..,..,..,..,..,..,..,..,..,..,..,..,..,..,..,..,..,..,..,..,..,..,..,..,..,..,..,..,..,..,..,..,..,..,..,..,..,..,..,..,..,..,..,..,..,..,..,..,..,..,..,..,..,..,..,..,..,..,..,..,..,..,..,..,..,..,..,..,..,..,..,..,..,..,..,..,..,..,..,..,..,..,..,..,..,..,..,..,..,..,..,..
"....Palawan","Palay [Paddy] Fancy, dry (conv. to 14% mc)",..,..,..,..,..,..,..,..,..,..,..,..,..,..,..,..,..,..,..,..,..,..,..,..,..,..,..,..,..,..,..,..,..,..,..,..,..,..,..,..,..,..,..,..,..,..,..,..,..,..,..,..,..,..,..,..,..,..,..,..,..,..,..,..,..,..,..,..,..,..,..,..,..,..,..,..,..,..,..,..,..,..,..,..,..,..,..,..,..,..,..,..,..,..,..,..,..,..,..,..,..,..,..,..,..,..,..,..,..,..,..,..,..,..,..,..,..,..,..,..,..,..,..,..,..,..,..,..,..,..,..,..,..,..,..,..,..,..,..,..,..,..,..
"....Palawan","Palay [Paddy] Other Variety, dry (conv. to 14% mc)",16.09,18.58,19.88,20.82,20.99,21.58,21.47,20.55,16.30,15.91,15.81,15.58,18.63,17.62,17.78,17.75,18.25,17.95,19.58,19.48,14.17,15.29,15.11,15.34,14.22,16.88,16.40,17.11,17.93,18.78,19.15,21.11,19.74,18.86,16.34,13.59,14.09,14.76,17.32,15.72,18.12,18.35,17.78,18.06,17.25,17.73,15.56,15.20,14.55,14.51,14.58,16.45,17.05,19.06,19.48,20.27,20.80,20.40,19.71,19.47,20.24,17.98,18.29,17.23,19.17,18.91,18.17,19.92,19.60,19.60,20.26,19.90,16.70,12.53,12.28,11.52,12.70,16.84,13.37,12.93,16.31,17.74,17.69,18.11,19.31,17.85,16.86,16.26,13.94,15.55,16.33,17.12,14.18,16.01,16.46,14.98,16.96,16.59,16.10,15.34,14.35,14.59,14.01,15.56,16.71,17.56,18.45,17.95,17.07,16.99,17.05,16.61,16.42,16.82,17.98,19.14,17.40,17.69,18.14,18.04,19.64,19.05,19.16,20.22,22.31,20.98,20.81,20.02,21.81,19.82,25.28,27.41,..,..,..,..,..,..,..,..,..,..,..
"....Palawan","Corngrain [Maize] White, matured",..,..,..,..,..,..,..,..,..,..,..,..,..,..,..,..,..,..,..,..,..,..,..,..,..,..,..,..,..,..,..,..,..,..,..,..,..,..,..,..,..,..,..,..,..,..,..,..,..,..,..,..,..,..,..,..,..,..,..,..,..,..,..,..,..,..,..,..,..,..,..,..,..,..,..,..,..,..,..,..,..,..,..,..,..,..,..,..,..,..,..,..,..,..,..,..,..,..,..,..,..,..,..,..,..,..,..,..,..,..,..,..,..,..,..,..,..,..,..,..,..,..,..,..,..,..,..,..,..,..,..,..,..,..,..,..,..,..,..,..,..,..,..
"....Palawan","Corngrain [Maize] Yellow, matured",..,..,..,..,..,..,13.98,14.26,12.22,10.32,..,..,12.70,..,..,..,..,..,..,14.11,13.57,15.18,10.24,..,..,13.28,..,..,..,..,..,..,11.49,11.65,10.20,11.23,..,..,11.14,..,..,..,..,..,..,13.12,12.83,10.93,10.60,..,..,11.87,..,..,..,..,..,..,16.98,9.90,9.60,16.97,..,..,13.36,..,..,..,..,..,..,17.11,17.92,15.07,16.42,..,..,16.63,..,..,..,..,..,..,17.36,14.26,12.21,14.41,..,..,14.56,..,..,..,..,..,..,13.97,14.61,13.35,15.53,..,..,14.37,..,..,..,..,..,..,20.90,19.88,20.15,19.70,..,..,20.16,..,..,..,..,..,..,21.60,21.92,19.62,21.08,..,..,21.06,..,..,..,..,..,..,..,..,..,..,..,..,..
"....Palawan","Green Corn (Maize, green), White",..,..,..,..,..,..,12.89,18.49,16.30,16.38,..,..,16.02,..,..,..,..,..,..,16.38,17.35,18.60,15.36,..,..,16.92,..,..,..,..,..,..,13.20,13.18,12.57,15.19,..,..,13.54,..,..,..,..,..,..,11.30,12.75,16.78,11.44,..,..,13.07,..,..,..,..,..,..,12.75,17.13,14.60,14.85,..,..,14.83,..,..,..,..,..,..,15.00,14.12,14.01,19.14,..,..,15.57,..,..,..,..,..,..,16.13,13.75,13.46,16.70,..,..,15.01,..,..,..,..,..,..,20.55,16.65,15.42,21.32,..,..,18.49,..,..,..,..,..,..,20.11,20.33,20.70,18.89,..,..,20.01,..,..,..,..,..,..,19.97,19.98,20.43,19.97,..,..,20.09,..,..,..,..,..,..,..,..,..,..,..,..,..
"....Palawan","Green Corn (Maize, green), Yellow",..,..,..,..,..,..,..,..,..,..,..,..,..,..,..,..,..,..,..,..,..,..,..,..,..,..,..,..,..,..,..,..,..,..,..,..,..,..,..,..,..,..,..,..,..,..,..,..,..,..,..,..,..,..,..,..,..,..,..,..,..,..,..,..,..,..,..,..,..,..,..,..,..,..,..,..,..,..,..,..,..,..,..,..,..,..,..,..,..,..,..,..,..,..,..,..,..,..,..,..,..,..,..,..,..,..,..,..,..,..,..,..,..,..,..,..,..,..,..,..,..,..,..,..,..,..,..,..,..,..,..,..,..,..,..,..,..,..,..,..,..,..,..
"....Romblon","Palay [Paddy] Fancy, dry (conv. to 14% mc)",..,..,..,..,..,..,..,..,..,..,..,..,..,..,..,..,..,..,..,..,..,..,..,..,..,..,..,..,..,..,..,..,..,..,..,..,..,..,..,..,..,..,..,..,..,..,..,..,..,..,..,..,..,..,..,..,..,..,..,..,..,..,..,..,..,..,..,..,..,..,..,..,..,..,..,..,..,..,..,..,..,..,..,..,..,..,..,..,..,..,..,..,..,..,..,..,..,..,..,..,..,..,..,..,..,..,..,..,..,..,..,..,..,..,..,..,..,..,..,..,..,..,..,..,..,..,..,..,..,..,..,..,..,..,..,..,..,..,..,..,..,..,..
"....Romblon","Palay [Paddy] Other Variety, dry (conv. to 14% mc)",16.37,16.52,16.80,17.73,17.82,18.34,18.62,18.75,18.91,18.26,18.21,18.06,17.87,18.58,18.27,18.24,18.47,19.04,18.95,19.55,19.46,19.52,18.52,18.39,18.47,18.79,18.43,17.83,18.31,18.24,18.33,18.05,18.41,18.65,18.19,17.34,18.31,18.39,18.21,18.02,18.00,17.17,18.26,18.55,19.21,19.58,19.99,19.32,18.62,18.71,18.16,18.63,18.97,18.28,18.11,18.27,19.03,19.06,18.61,20.61,18.61,19.90,18.08,19.18,18.89,18.75,19.00,18.93,19.87,19.89,20.22,19.76,19.72,19.53,18.90,18.70,18.89,19.35,19.01,19.10,18.91,19.28,19.94,19.67,20.39,20.37,19.31,18.84,18.38,19.47,19.39,18.28,19.46,17.91,18.69,18.32,18.65,19.06,18.66,18.42,18.54,17.17,19.16,18.53,19.27,18.38,17.81,17.91,17.55,18.50,18.03,18.63,19.04,18.47,18.54,18.11,18.35,18.19,17.16,15.65,15.94,17.93,17.64,17.96,18.44,18.89,19.00,18.49,18.74,17.84,19.69,21.18,..,..,..,..,..,..,..,..,..,..,..
"....Romblon","Corngrain [Maize] White, matured",..,..,..,..,..,..,..,..,..,..,..,..,..,..,..,..,..,..,..,..,..,..,..,..,..,..,..,..,..,..,..,..,..,..,..,..,..,..,..,..,..,..,..,..,..,..,..,..,..,..,..,..,..,..,..,..,..,..,..,..,..,..,..,..,..,..,..,..,..,..,..,..,..,..,..,..,..,..,..,..,..,..,..,..,..,..,..,..,..,..,..,..,..,..,..,..,..,..,..,..,..,..,..,..,..,..,..,..,..,..,..,..,..,..,..,..,..,..,..,..,..,..,..,..,..,..,..,..,..,..,..,..,..,..,..,..,..,..,..,..,..,..,..
"....Romblon","Corngrain [Maize] Yellow, matured",..,..,..,..,..,..,..,..,..,..,..,..,..,..,..,..,..,..,..,..,..,..,..,..,..,..,..,..,..,..,..,..,..,..,..,..,..,..,..,..,..,..,..,..,..,..,..,..,..,..,..,..,..,..,..,..,..,..,..,..,..,..,..,..,..,..,..,..,..,..,..,..,..,..,..,..,..,..,..,..,..,..,..,..,..,..,..,..,..,..,..,..,..,..,..,..,..,..,..,..,..,..,..,..,..,..,..,..,..,..,..,..,..,..,..,..,..,..,..,..,..,..,..,..,..,..,..,..,..,..,..,..,..,..,..,..,..,..,..,..,..,..,..
"....Romblon","Green Corn (Maize, green), White",21.71,25.46,25.54,27.27,30.28,..,24.79,23.46,20.19,..,25.29,25.73,24.97,25.44,22.01,22.67,22.89,23.92,..,18.09,15.52,18.14,..,23.20,23.45,21.53,22.75,22.53,22.11,27.14,29.36,..,20.54,19.75,22.24,..,25.11,21.48,23.30,20.53,20.64,21.50,23.57,23.23,..,20.50,19.83,23.87,..,20.53,23.83,21.80,22.00,20.81,22.58,21.20,29.95,..,16.60,20.17,24.38,..,18.43,14.43,21.06,24.39,11.12,31.39,29.67,29.77,..,21.72,25.01,23.53,..,19.24,19.69,23.55,25.98,23.25,36.09,35.37,33.53,..,22.40,25.29,24.67,..,20.75,19.33,26.67,23.57,23.67,37.78,30.13,31.58,..,25.03,27.09,30.03,..,25.16,27.06,28.11,27.56,28.23,37.41,31.54,34.92,..,25.98,25.15,29.57,..,27.98,27.87,29.62,29.65,29.40,24.91,24.89,29.04,..,30.83,33.03,36.96,..,54.28,53.03,34.60,..,..,..,..,..,..,..,..,..,..,..,..,..
"....Romblon","Green Corn (Maize, green), Yellow",..,..,..,..,..,..,..,..,..,..,..,..,..,..,..,..,..,..,..,..,..,..,..,..,..,..,..,..,..,..,..,..,..,..,..,..,..,..,..,..,..,..,..,..,..,..,..,..,..,..,..,..,..,..,..,..,..,..,..,..,..,..,..,..,..,..,..,..,..,..,..,..,..,..,..,..,..,..,..,..,..,..,..,..,..,..,..,..,..,..,..,..,..,..,..,..,..,..,..,..,..,..,..,..,..,..,..,..,..,..,..,..,..,..,..,..,..,..,..,..,..,..,..,..,..,..,..,..,..,..,..,..,..,..,..,..,..,..,..,..,..,..,..
"..REGION V (BICOL REGION)","Palay [Paddy] Fancy, dry (conv. to 14% mc)",..,..,..,..,..,..,..,..,..,..,..,..,..,..,..,..,..,..,..,..,..,..,..,..,..,..,..,..,..,..,..,..,..,..,..,..,..,..,..,..,..,..,..,..,..,..,..,..,..,..,..,..,..,..,..,..,..,..,..,..,..,..,..,..,..,..,..,..,..,..,..,..,..,..,..,..,..,..,..,..,..,..,..,..,..,..,..,..,..,..,..,..,..,..,..,..,..,..,..,..,..,..,..,..,..,..,..,..,..,..,..,..,..,..,..,..,..,..,..,..,..,..,..,..,..,..,..,..,..,..,..,..,..,..,..,..,..,..,..,..,..,..,..
"..REGION V (BICOL REGION)","Palay [Paddy] Other Variety, dry (conv. to 14% mc)",14.78,16.38,16.85,18.06,18.44,18.36,19.37,18.69,18.51,18.24,18.40,17.98,17.84,17.06,17.21,15.77,15.17,13.54,14.15,14.70,14.38,15.21,14.30,14.29,13.69,14.96,14.83,15.71,15.26,14.80,14.39,14.98,15.88,16.32,17.83,15.05,15.62,16.68,15.61,17.26,15.99,16.51,16.18,15.94,15.64,15.97,16.33,17.68,16.13,15.82,16.75,16.35,17.27,19.06,19.43,18.41,18.04,17.80,19.01,20.04,19.64,18.18,17.89,17.04,18.48,16.56,19.64,17.51,16.51,16.61,14.72,15.02,14.49,13.36,13.75,13.45,13.32,15.41,16.01,14.49,15.77,18.28,16.91,16.46,14.78,15.04,14.58,14.09,14.48,15.82,15.56,16.78,17.50,16.85,15.93,15.43,15.29,14.83,15.71,15.76,14.91,15.82,16.62,15.95,18.20,20.37,17.64,17.02,16.29,16.90,17.03,17.26,17.24,16.81,16.98,17.98,17.48,17.50,17.98,17.99,18.80,19.23,18.91,18.93,21.16,19.63,20.13,20.95,21.81,19.42,27.66,22.75,..,..,..,..,..,..,..,..,..,..,..
"..REGION V (BICOL REGION)","Corngrain [Maize] White, matured",..,..,13.13,13.55,..,..,..,16.06,16.60,18.75,..,..,15.62,..,..,16.48,18.90,..,..,..,17.59,12.08,11.71,..,..,15.35,..,..,11.70,10.87,..,..,..,14.27,10.65,11.92,..,..,11.88,..,..,8.99,9.47,..,..,..,13.32,18.54,13.03,..,..,12.67,..,..,14.42,13.41,..,..,..,17.70,..,16.15,..,..,15.42,..,..,13.22,14.00,..,..,..,13.20,10.10,11.39,..,..,12.38,..,..,15.93,14.09,..,..,..,12.48,11.79,12.83,..,11.79,13.15,..,..,9.68,13.30,..,..,..,15.68,..,15.13,..,..,13.45,..,..,16.04,15.70,..,..,..,16.92,17.03,17.68,..,..,16.67,..,..,17.93,15.51,..,..,..,17.12,15.99,15.95,..,..,16.50,..,..,..,..,..,..,..,..,..,..,..,..,..
"..REGION V (BICOL REGION)","Corngrain [Maize] Yellow, matured",..,..,15.63,14.16,14.20,14.30,..,..,..,15.50,14.23,14.18,14.60,..,..,..,13.96,14.21,13.87,13.00,..,14.59,13.54,13.07,14.53,13.85,..,..,10.32,12.70,13.01,12.24,..,..,12.35,12.41,12.68,13.00,12.34,..,..,12.79,13.04,12.40,11.84,11.37,..,10.66,9.83,10.47,10.43,11.43,..,..,11.39,13.01,13.84,13.57,..,13.56,15.82,16.23,15.33,15.46,14.25,14.91,14.10,14.41,14.89,14.85,14.85,14.85,14.40,13.59,12.67,12.84,12.75,14.09,11.00,14.06,12.68,12.72,12.03,12.73,11.55,13.23,12.23,12.36,14.14,12.80,12.63,..,..,13.05,12.84,12.72,13.60,15.23,12.74,14.80,15.03,13.31,11.43,13.48,..,..,17.83,18.26,18.25,19.65,14.77,18.99,18.91,18.95,18.75,18.88,18.32,20.10,20.87,19.99,20.04,19.57,19.23,18.32,18.90,18.18,17.14,17.60,17.92,18.99,..,..,..,..,..,..,..,..,..,..,..,..,..
"..REGION V (BICOL REGION)","Green Corn (Maize, green), White",20.10,17.18,18.51,17.04,17.05,16.84,19.05,19.08,19.08,17.39,16.93,18.12,18.03,21.43,18.89,18.77,17.40,18.91,17.32,19.05,18.01,19.45,18.46,19.14,17.85,18.72,19.28,19.46,20.81,19.09,18.13,18.99,18.83,17.96,16.89,19.78,20.21,15.72,18.76,21.94,24.99,21.95,22.47,21.43,22.18,22.17,19.24,21.66,22.53,22.08,22.73,22.11,11.51,17.41,21.03,17.07,17.31,15.85,16.34,16.21,16.50,17.33,19.14,14.54,16.69,13.78,13.83,20.79,21.74,17.02,16.30,15.65,15.30,15.78,19.86,17.33,19.14,17.21,14.33,21.17,25.09,22.02,16.69,17.18,17.77,17.83,17.94,15.87,23.08,12.50,18.46,26.96,15.70,24.65,16.25,21.41,18.43,19.98,17.77,16.45,19.26,16.95,17.35,19.26,35.46,32.93,28.28,25.03,20.28,22.90,24.74,26.21,26.14,29.47,24.38,29.61,27.12,32.34,32.27,34.30,31.86,31.12,30.79,32.79,31.74,34.47,30.22,30.40,36.07,32.36,..,..,..,..,..,..,..,..,..,..,..,..,..
"..REGION V (BICOL REGION)","Green Corn (Maize, green), Yellow",..,..,..,..,..,..,..,..,..,..,..,..,..,..,..,..,..,..,..,..,..,..,..,..,..,..,..,..,..,..,..,..,..,..,..,..,..,..,..,..,..,..,..,..,..,..,..,..,..,..,..,..,..,..,..,..,..,..,..,..,..,..,..,..,..,..,..,..,..,..,..,..,..,..,..,..,..,..,..,..,..,..,..,..,..,..,..,..,..,..,..,..,..,..,..,..,..,..,..,..,..,..,..,..,..,..,..,..,..,..,..,..,..,..,..,..,..,..,..,..,..,..,..,..,..,..,..,..,..,..,..,..,..,..,..,..,..,..,..,..,..,..,..
"....Albay","Palay [Paddy] Fancy, dry (conv. to 14% mc)",..,..,..,..,..,..,..,..,..,..,..,..,..,..,..,..,..,..,..,..,..,..,..,..,..,..,..,..,..,..,..,..,..,..,..,..,..,..,..,..,..,..,..,..,..,..,..,..,..,..,..,..,..,..,..,..,..,..,..,..,..,..,..,..,..,..,..,..,..,..,..,..,..,..,..,..,..,..,..,..,..,..,..,..,..,..,..,..,..,..,..,..,..,..,..,..,..,..,..,..,..,..,..,..,..,..,..,..,..,..,..,..,..,..,..,..,..,..,..,..,..,..,..,..,..,..,..,..,..,..,..,..,..,..,..,..,..,..,..,..,..,..,..
"....Albay","Palay [Paddy] Other Variety, dry (conv. to 14% mc)",..,19.25,16.12,18.30,18.76,18.56,..,..,19.81,17.40,17.64,16.93,18.09,..,..,15.32,14.21,13.95,14.63,14.68,..,14.49,13.66,14.82,..,14.47,..,..,14.48,14.42,14.02,15.84,15.85,..,16.52,14.03,17.76,17.47,15.60,..,..,16.89,15.77,15.81,16.37,..,..,17.34,15.00,16.15,..,16.19,..,..,20.27,18.71,18.20,17.67,..,20.12,19.63,17.59,17.87,..,18.76,..,..,16.50,16.56,16.80,..,..,..,14.22,13.52,13.82,13.32,14.96,..,..,14.84,18.60,16.22,16.47,..,16.02,13.37,13.19,13.09,..,15.23,..,..,16.53,14.78,15.16,15.19,..,..,15.88,14.21,13.98,16.90,15.33,..,..,17.46,16.47,15.26,..,..,..,17.07,16.81,16.65,..,16.62,..,..,19.59,19.11,18.95,..,..,..,20.73,20.71,23.30,..,20.40,..,..,..,..,..,..,..,..,..,..,..,..,..
"....Albay","Corngrain [Maize] White, matured",..,..,..,..,..,..,..,..,..,..,..,..,..,..,..,..,..,..,..,..,..,..,..,..,..,..,..,..,..,..,..,..,..,..,..,..,..,..,..,..,..,..,..,..,..,..,..,..,..,..,..,..,..,..,..,..,..,..,..,..,..,..,..,..,..,..,..,..,..,..,..,..,..,..,..,..,..,..,..,..,..,..,..,..,..,..,..,..,..,..,..,..,..,..,..,..,..,..,..,..,..,..,..,..,..,..,..,..,..,..,..,..,..,..,..,..,..,..,..,..,..,..,..,..,..,..,..,..,..,..,..,..,..,..,..,..,..,..,..,..,..,..,..
"....Albay","Corngrain [Maize] Yellow, matured",..,..,..,12.89,12.79,12.81,..,..,..,..,13.41,13.27,13.03,..,..,..,13.02,13.52,12.82,13.00,..,..,12.74,11.79,..,12.82,..,..,12.45,12.30,12.91,12.24,..,..,11.95,12.00,12.45,..,12.33,..,..,..,13.09,12.05,11.84,11.37,..,11.19,10.09,10.78,9.87,11.29,..,..,10.58,12.45,13.47,13.57,..,13.56,14.45,15.98,14.50,14.77,13.70,14.91,14.10,15.29,14.76,14.55,14.74,14.85,14.40,14.37,12.51,12.84,12.60,14.16,11.00,14.06,12.49,12.72,12.03,11.84,11.55,13.23,12.01,11.98,14.14,..,12.46,..,..,13.03,12.90,13.49,13.91,..,13.79,14.15,14.94,13.42,13.00,13.63,..,..,16.88,17.78,18.25,19.65,14.77,18.99,19.07,19.04,18.75,18.00,18.12,..,..,19.50,20.09,19.27,19.34,16.52,18.64,19.28,16.44,17.19,17.38,18.37,..,..,..,..,..,..,..,..,..,..,..,..,..
"....Albay","Green Corn (Maize, green), White",12.39,13.45,12.73,13.42,12.15,11.88,11.55,11.62,13.55,15.80,14.43,13.48,13.04,13.92,11.90,11.39,12.50,14.48,13.32,14.21,13.38,16.14,13.49,14.19,13.08,13.50,14.75,13.18,14.43,16.32,10.78,11.25,10.98,9.76,9.18,10.35,10.78,12.09,11.99,12.80,15.66,14.02,14.82,15.68,14.44,14.44,14.57,14.27,13.43,12.43,14.03,14.22,11.51,13.13,13.83,14.13,13.88,14.19,13.15,11.33,12.55,12.68,12.72,14.35,13.12,13.78,15.16,13.87,16.73,14.35,14.54,10.84,11.47,8.58,11.08,13.52,16.21,13.34,14.33,13.35,17.04,17.24,15.53,20.91,17.36,15.11,15.81,14.84,18.50,..,16.37,13.92,15.09,13.71,14.25,17.48,16.20,16.88,18.61,15.53,16.32,16.46,16.42,15.91,17.61,18.75,19.24,18.26,18.30,17.38,17.98,16.06,15.38,14.90,15.42,14.30,16.97,14.55,18.72,21.02,18.69,20.08,20.37,21.27,22.00,24.32,22.73,23.54,22.54,20.82,..,..,..,..,..,..,..,..,..,..,..,..,..
"....Albay","Green Corn (Maize, green), Yellow",..,..,..,..,..,..,..,..,..,..,..,..,..,..,..,..,..,..,..,..,..,..,..,..,..,..,..,..,..,..,..,..,..,..,..,..,..,..,..,..,..,..,..,..,..,..,..,..,..,..,..,..,..,..,..,..,..,..,..,..,..,..,..,..,..,..,..,..,..,..,..,..,..,..,..,..,..,..,..,..,..,..,..,..,..,..,..,..,..,..,..,..,..,..,..,..,..,..,..,..,..,..,..,..,..,..,..,..,..,..,..,..,..,..,..,..,..,..,..,..,..,..,..,..,..,..,..,..,..,..,..,..,..,..,..,..,..,..,..,..,..,..,..
"....Camarines Norte","Palay [Paddy] Fancy, dry (conv. to 14% mc)",..,..,..,..,..,..,..,..,..,..,..,..,..,..,..,..,..,..,..,..,..,..,..,..,..,..,..,..,..,..,..,..,..,..,..,..,..,..,..,..,..,..,..,..,..,..,..,..,..,..,..,..,..,..,..,..,..,..,..,..,..,..,..,..,..,..,..,..,..,..,..,..,..,..,..,..,..,..,..,..,..,..,..,..,..,..,..,..,..,..,..,..,..,..,..,..,..,..,..,..,..,..,..,..,..,..,..,..,..,..,..,..,..,..,..,..,..,..,..,..,..,..,..,..,..,..,..,..,..,..,..,..,..,..,..,..,..,..,..,..,..,..,..
"....Camarines Norte","Palay [Paddy] Other Variety, dry (conv. to 14% mc)",..,..,18.79,18.79,19.31,..,..,..,19.31,19.19,19.17,..,19.09,..,..,15.26,14.28,13.33,..,..,..,14.26,14.20,13.75,..,14.18,..,..,14.76,14.38,14.53,13.86,15.87,16.00,18.09,14.47,14.84,17.61,15.44,17.02,16.81,16.83,15.93,15.76,15.06,..,..,18.18,16.58,14.68,16.91,16.38,17.28,19.42,20.00,18.84,18.31,18.40,..,..,20.05,17.86,..,..,18.77,..,17.39,16.38,16.22,17.10,..,..,14.76,14.48,14.88,13.81,..,15.63,18.47,15.16,17.98,18.31,18.18,17.36,14.03,15.04,15.54,14.61,13.70,..,16.22,19.04,17.15,16.84,16.46,16.17,15.65,15.21,16.05,15.47,14.64,15.39,..,16.19,..,16.91,16.80,16.60,15.85,15.60,15.11,17.53,17.55,16.82,16.11,..,16.49,14.91,16.95,18.34,19.30,19.38,18.53,..,22.71,20.33,20.69,20.95,..,19.21,..,26.09,..,..,..,..,..,..,..,..,..,..,..
"....Camarines Norte","Corngrain [Maize] White, matured",..,..,..,..,..,..,..,..,..,..,..,..,..,..,..,..,..,..,..,..,..,..,..,..,..,..,..,..,..,..,..,..,..,..,..,..,..,..,..,..,..,..,..,..,..,..,..,..,..,..,..,..,..,..,..,..,..,..,..,..,..,..,..,..,..,..,..,..,..,..,..,..,..,..,..,..,..,..,..,..,..,..,..,..,..,..,..,..,..,..,..,..,..,..,..,..,..,..,..,..,..,..,..,..,..,..,..,..,..,..,..,..,..,..,..,..,..,..,..,..,..,..,..,..,..,..,..,..,..,..,..,..,..,..,..,..,..,..,..,..,..,..,..
"....Camarines Norte","Corngrain [Maize] Yellow, matured",..,..,..,..,..,..,..,..,..,..,..,..,..,..,..,..,..,..,..,..,..,..,..,..,..,..,..,..,..,..,..,..,..,..,..,..,..,..,..,..,..,..,..,..,..,..,..,..,..,..,..,..,..,..,..,..,..,..,..,..,..,..,..,..,..,..,..,..,..,..,..,..,..,..,..,..,..,..,..,..,..,..,..,..,..,..,..,..,..,..,..,..,..,..,..,..,..,..,..,..,..,..,..,..,..,..,..,..,..,..,..,..,..,..,..,..,..,..,..,..,..,..,..,..,..,..,..,..,..,..,..,..,..,..,..,..,..,..,..,..,..,..,..
"....Camarines Norte","Green Corn (Maize, green), White",..,..,..,..,..,..,..,..,..,..,..,..,..,..,..,..,..,..,..,..,..,..,..,..,..,..,..,..,..,..,..,..,..,..,..,..,..,..,..,..,..,..,..,..,..,..,..,..,..,..,..,..,..,..,..,17.05,20.73,17.50,19.52,25.00,24.05,24.71,28.14,..,22.09,..,..,24.19,22.45,19.69,12.34,16.53,19.74,19.91,23.77,20.93,..,19.95,..,21.00,26.64,30.63,15.04,13.44,18.18,21.52,19.13,14.46,23.54,..,20.36,40.00,..,40.00,20.23,22.37,13.98,21.72,16.25,20.53,18.82,14.97,..,22.89,..,42.00,30.13,24.56,22.25,28.41,20.79,13.35,15.43,..,..,..,24.62,20.61,20.80,..,33.63,20.10,20.49,28.82,28.37,32.18,30.20,..,..,26.13,..,..,..,..,..,..,..,..,..,..,..,..,..
"....Camarines Norte","Green Corn (Maize, green), Yellow",..,..,..,..,..,..,..,..,..,..,..,..,..,..,..,..,..,..,..,..,..,..,..,..,..,..,..,..,..,..,..,..,..,..,..,..,..,..,..,..,..,..,..,..,..,..,..,..,..,..,..,..,..,..,..,..,..,..,..,..,..,..,..,..,..,..,..,..,..,..,..,..,..,..,..,..,..,..,..,..,..,..,..,..,..,..,..,..,..,..,..,..,..,..,..,..,..,..,..,..,..,..,..,..,..,..,..,..,..,..,..,..,..,..,..,..,..,..,..,..,..,..,..,..,..,..,..,..,..,..,..,..,..,..,..,..,..,..,..,..,..,..,..
"....Camarines Sur","Palay [Paddy] Fancy, dry (conv. to 14% mc)",..,..,..,..,..,..,..,..,..,..,..,..,..,..,..,..,..,..,..,..,..,..,..,..,..,..,..,..,..,..,..,..,..,..,..,..,..,..,..,..,..,..,..,..,..,..,..,..,..,..,..,..,..,..,..,..,..,..,..,..,..,..,..,..,..,..,..,..,..,..,..,..,..,..,..,..,..,..,..,..,..,..,..,..,..,..,..,..,..,..,..,..,..,..,..,..,..,..,..,..,..,..,..,..,..,..,..,..,..,..,..,..,..,..,..,..,..,..,..,..,..,..,..,..,..,..,..,..,..,..,..,..,..,..,..,..,..,..,..,..,..,..,..
"....Camarines Sur","Palay [Paddy] Other Variety, dry (conv. to 14% mc)",15.18,16.28,16.30,16.81,18.25,18.98,19.37,19.25,18.05,18.03,18.57,18.50,17.80,16.19,16.44,16.17,15.62,13.83,14.23,14.72,14.72,14.63,12.99,12.90,14.19,14.72,14.83,15.18,15.10,14.14,14.80,15.57,15.93,16.65,17.35,13.71,15.00,16.95,15.43,17.49,15.75,15.42,15.76,15.65,15.48,15.97,16.77,16.81,15.10,14.50,16.71,15.95,17.26,19.50,19.86,18.80,17.65,17.46,19.01,20.45,19.25,17.49,16.29,16.35,18.28,16.56,17.10,15.28,15.47,16.37,14.72,15.02,15.39,11.73,12.54,13.07,13.31,14.71,13.55,13.81,16.60,16.51,16.64,16.07,15.52,15.02,13.00,13.01,13.16,13.48,14.70,14.51,16.48,16.70,16.50,15.42,15.02,15.05,16.10,15.01,13.15,14.95,16.34,15.44,17.43,17.34,17.88,16.66,16.43,16.98,17.18,16.79,17.38,16.50,15.45,16.97,16.92,18.58,18.51,16.30,20.06,19.93,19.21,18.86,21.76,19.98,21.48,22.60,24.61,20.16,27.66,24.36,..,..,..,..,..,..,..,..,..,..,..
"....Camarines Sur","Corngrain [Maize] White, matured",..,..,..,..,..,..,..,..,..,..,..,..,..,..,..,..,..,..,..,..,..,..,..,..,..,..,..,..,..,..,..,..,..,..,..,..,..,..,..,..,..,..,..,..,..,..,..,..,..,..,..,..,..,..,..,..,..,..,..,..,..,..,..,..,..,..,..,..,..,..,..,..,..,..,..,..,..,..,..,..,..,..,..,..,..,..,..,..,..,..,..,..,..,..,..,..,..,..,..,..,..,..,..,..,..,..,..,..,..,..,..,..,..,..,..,..,..,..,..,..,..,..,..,..,..,..,..,..,..,..,..,..,..,..,..,..,..,..,..,..,..,..,..
"....Camarines Sur","Corngrain [Maize] Yellow, matured",..,..,15.63,15.42,15.61,15.78,..,..,..,15.50,15.04,15.08,15.44,..,..,..,14.90,14.90,14.91,..,..,14.59,14.34,14.35,14.53,14.65,..,..,8.18,13.09,13.11,..,..,..,12.74,12.82,12.90,13.00,12.26,..,..,12.79,12.98,12.75,..,..,..,10.13,9.57,10.16,10.99,11.34,..,..,12.19,13.57,14.20,..,..,..,17.19,16.48,16.15,16.14,15.13,..,..,13.53,15.01,15.15,14.95,..,..,12.80,12.83,..,12.89,13.88,..,..,12.86,..,..,13.61,..,..,12.45,12.73,..,12.80,12.89,..,..,13.07,12.77,11.94,13.28,15.23,11.68,15.45,15.12,13.20,9.85,13.16,..,..,18.77,18.74,..,..,..,..,18.74,18.86,..,19.76,18.97,20.10,20.87,20.48,19.99,19.86,19.12,20.12,19.15,17.07,17.84,18.00,18.46,19.26,..,..,..,..,..,..,..,..,..,..,..,..,..
"....Camarines Sur","Green Corn (Maize, green), White",..,14.85,14.76,14.69,14.86,14.96,..,..,..,14.52,14.66,14.79,14.76,..,14.92,15.00,14.11,..,..,..,16.73,16.42,14.98,15.01,15.14,15.29,..,15.80,20.88,16.55,..,..,..,18.65,13.73,21.12,19.64,8.31,16.84,..,29.43,24.08,21.71,..,..,..,13.19,16.87,..,21.96,20.70,21.13,..,21.68,28.22,20.02,..,..,..,12.31,12.89,14.60,16.57,14.72,17.63,..,12.50,24.31,26.04,..,22.03,19.58,14.68,18.84,24.74,17.55,22.06,20.23,..,29.17,31.60,18.19,19.51,..,..,16.87,18.88,18.31,27.20,12.50,21.36,..,16.31,20.24,14.28,24.37,25.11,21.33,18.46,13.30,22.65,19.43,18.28,19.43,..,30.95,19.27,32.28,..,..,..,..,27.64,29.62,16.40,24.87,25.86,33.04,28.17,26.63,29.59,35.07,31.34,21.96,27.78,32.13,25.46,26.26,36.22,29.47,..,..,..,..,..,..,..,..,..,..,..,..,..
"....Camarines Sur","Green Corn (Maize, green), Yellow",..,..,..,..,..,..,..,..,..,..,..,..,..,..,..,..,..,..,..,..,..,..,..,..,..,..,..,..,..,..,..,..,..,..,..,..,..,..,..,..,..,..,..,..,..,..,..,..,..,..,..,..,..,..,..,..,..,..,..,..,..,..,..,..,..,..,..,..,..,..,..,..,..,..,..,..,..,..,..,..,..,..,..,..,..,..,..,..,..,..,..,..,..,..,..,..,..,..,..,..,..,..,..,..,..,..,..,..,..,..,..,..,..,..,..,..,..,..,..,..,..,..,..,..,..,..,..,..,..,..,..,..,..,..,..,..,..,..,..,..,..,..,..
"....Catanduanes","Palay [Paddy] Fancy, dry (conv. to 14% mc)",..,..,..,..,..,..,..,..,..,..,..,..,..,..,..,..,..,..,..,..,..,..,..,..,..,..,..,..,..,..,..,..,..,..,..,..,..,..,..,..,..,..,..,..,..,..,..,..,..,..,..,..,..,..,..,..,..,..,..,..,..,..,..,..,..,..,..,..,..,..,..,..,..,..,..,..,..,..,..,..,..,..,..,..,..,..,..,..,..,..,..,..,..,..,..,..,..,..,..,..,..,..,..,..,..,..,..,..,..,..,..,..,..,..,..,..,..,..,..,..,..,..,..,..,..,..,..,..,..,..,..,..,..,..,..,..,..,..,..,..,..,..,..
"....Catanduanes","Palay [Paddy] Other Variety, dry (conv. to 14% mc)",..,..,..,..,..,..,..,..,..,..,..,..,..,..,..,..,..,..,..,..,..,..,..,..,..,..,..,..,..,..,..,..,..,..,..,..,..,..,..,..,..,..,..,..,..,..,..,..,..,..,..,..,..,..,..,..,..,..,..,..,..,..,..,..,..,..,..,..,..,..,..,..,..,..,..,..,..,..,..,..,..,..,..,..,..,..,..,..,..,..,..,..,..,..,..,..,..,..,..,..,..,..,..,..,18.97,24.01,19.00,19.01,19.08,18.13,18.81,..,18.87,18.91,19.00,18.99,19.34,19.00,19.00,19.00,19.00,19.00,19.00,19.00,19.00,19.00,18.89,19.00,19.00,18.99,..,20.78,..,..,..,..,..,..,..,..,..,..,..
"....Catanduanes","Corngrain [Maize] White, matured",..,..,..,..,..,..,..,..,..,..,..,..,..,..,..,..,..,..,..,..,..,..,..,..,..,..,..,..,..,..,..,..,..,..,..,..,..,..,..,..,..,..,..,..,..,..,..,..,..,..,..,..,..,..,..,..,..,..,..,..,..,..,..,..,..,..,..,..,..,..,..,..,..,..,..,..,..,..,..,..,..,..,..,..,..,..,..,..,..,..,..,..,..,..,..,..,..,..,..,..,..,..,..,..,..,..,..,..,..,..,..,..,..,..,..,..,..,..,..,..,..,..,..,..,..,..,..,..,..,..,..,..,..,..,..,..,..,..,..,..,..,..,..
"....Catanduanes","Corngrain [Maize] Yellow, matured",..,..,..,..,..,..,..,..,..,..,..,..,..,..,..,..,..,..,..,..,..,..,..,..,..,..,..,..,..,..,..,..,..,..,..,..,..,..,..,..,..,..,..,..,..,..,..,..,..,..,..,..,..,..,..,..,..,..,..,..,..,..,..,..,..,..,..,..,..,..,..,..,..,..,..,..,..,..,..,..,..,..,..,..,..,..,..,..,..,..,..,..,..,..,..,..,..,..,..,..,..,..,..,..,..,..,..,..,..,..,..,..,..,..,..,..,..,..,..,..,..,..,..,..,..,..,..,..,..,..,..,..,..,..,..,..,..,..,..,..,..,..,..
"....Catanduanes","Green Corn (Maize, green), White",..,..,..,..,..,..,..,..,..,..,..,..,..,..,..,..,..,..,..,..,..,..,..,..,..,..,..,..,..,..,..,..,..,..,..,..,..,..,..,..,..,..,..,..,..,..,..,..,..,..,..,..,..,..,..,..,..,..,..,..,..,..,..,..,..,..,..,..,..,..,..,..,..,..,..,..,..,..,..,..,..,..,..,..,..,..,..,..,..,..,..,..,..,..,..,..,..,..,..,..,..,..,..,..,53.31,40.00,44.49,..,..,..,35.45,49.23,46.09,43.89,41.31,49.65,44.82,61.16,61.38,55.26,45.52,49.23,50.95,59.09,48.81,49.23,42.47,41.41,49.44,51.16,..,..,..,..,..,..,..,..,..,..,..,..,..
"....Catanduanes","Green Corn (Maize, green), Yellow",..,..,..,..,..,..,..,..,..,..,..,..,..,..,..,..,..,..,..,..,..,..,..,..,..,..,..,..,..,..,..,..,..,..,..,..,..,..,..,..,..,..,..,..,..,..,..,..,..,..,..,..,..,..,..,..,..,..,..,..,..,..,..,..,..,..,..,..,..,..,..,..,..,..,..,..,..,..,..,..,..,..,..,..,..,..,..,..,..,..,..,..,..,..,..,..,..,..,..,..,..,..,..,..,..,..,..,..,..,..,..,..,..,..,..,..,..,..,..,..,..,..,..,..,..,..,..,..,..,..,..,..,..,..,..,..,..,..,..,..,..,..,..
"....Masbate","Palay [Paddy] Fancy, dry (conv. to 14% mc)",..,..,..,..,..,..,..,..,..,..,..,..,..,..,..,..,..,..,..,..,..,..,..,..,..,..,..,..,..,..,..,..,..,..,..,..,..,..,..,..,..,..,..,..,..,..,..,..,..,..,..,..,..,..,..,..,..,..,..,..,..,..,..,..,..,..,..,..,..,..,..,..,..,..,..,..,..,..,..,..,..,..,..,..,..,..,..,..,..,..,..,..,..,..,..,..,..,..,..,..,..,..,..,..,..,..,..,..,..,..,..,..,..,..,..,..,..,..,..,..,..,..,..,..,..,..,..,..,..,..,..,..,..,..,..,..,..,..,..,..,..,..,..
"....Masbate","Palay [Paddy] Other Variety, dry (conv. to 14% mc)",..,16.15,15.67,17.66,..,..,..,..,16.38,18.21,18.19,..,17.04,..,17.97,17.95,17.58,..,..,..,..,18.22,16.68,16.60,..,17.50,..,17.38,17.18,16.63,..,..,..,..,19.36,18.42,16.35,..,17.55,..,..,17.42,17.22,..,..,..,..,18.80,17.71,17.32,..,17.69,..,18.26,17.58,17.62,..,..,..,..,18.76,20.13,19.73,..,18.68,..,24.43,22.77,18.00,..,..,..,..,12.39,14.74,13.05,..,17.56,..,..,14.55,19.80,..,..,..,..,18.16,17.21,17.98,18.16,17.64,..,18.88,18.74,18.25,..,..,..,..,17.65,19.13,18.96,..,18.60,..,23.22,18.44,18.40,..,..,..,17.47,16.46,16.71,18.24,..,18.42,..,17.44,17.05,18.35,..,..,..,..,18.94,19.00,19.44,..,18.37,..,19.75,..,..,..,..,..,..,..,..,..,..,..
"....Masbate","Corngrain [Maize] White, matured",..,..,13.13,13.55,..,..,..,16.06,16.60,18.75,..,..,15.62,..,..,16.48,18.90,..,..,..,17.59,12.08,11.71,..,..,15.35,..,..,11.70,10.87,..,..,..,14.27,10.65,11.92,..,..,11.88,..,..,8.99,9.47,..,..,..,13.32,18.54,13.03,..,..,12.67,..,..,14.42,13.41,..,..,..,17.70,..,16.15,..,..,15.42,..,..,13.22,14.00,..,..,..,13.20,10.10,11.39,..,..,12.38,..,..,15.93,14.09,..,..,..,12.48,11.79,12.83,..,11.79,13.15,..,..,9.68,13.30,..,..,..,15.68,..,15.13,..,..,13.45,..,..,16.04,15.70,..,..,..,16.92,17.03,17.68,..,..,16.67,..,..,17.93,15.51,..,..,..,17.12,15.99,15.95,..,..,16.50,..,..,..,..,..,..,..,..,..,..,..,..,..
"....Masbate","Corngrain [Maize] Yellow, matured",..,..,..,..,..,..,..,..,..,..,..,..,..,..,..,..,..,..,..,..,..,..,..,..,..,..,..,..,..,..,..,..,..,..,..,..,..,..,..,..,..,..,..,..,..,..,..,..,..,..,..,..,..,..,..,..,..,..,..,..,..,..,..,..,..,..,..,..,..,..,..,..,..,..,..,..,..,..,..,..,..,..,..,..,..,..,..,..,..,..,..,..,..,..,..,..,..,..,..,..,..,..,..,..,..,..,..,..,..,..,..,..,..,..,..,..,..,..,..,..,..,..,..,..,..,..,..,..,..,..,..,..,..,..,..,..,..,..,..,..,..,..,..
"....Masbate","Green Corn (Maize, green), White",..,..,..,..,..,..,..,..,..,..,..,..,..,..,..,..,..,..,..,..,..,..,..,..,..,..,..,..,..,..,..,..,..,..,..,..,..,..,..,..,..,..,..,..,..,..,..,..,..,..,..,..,..,..,..,..,..,..,..,..,..,..,..,..,..,..,..,..,..,..,..,..,..,..,..,..,..,..,..,..,..,..,..,..,..,..,..,..,..,..,..,..,..,..,..,..,..,..,..,..,..,..,..,..,..,..,..,..,..,..,..,..,..,..,..,..,..,..,..,..,..,..,..,..,..,..,..,..,..,..,..,..,..,..,..,..,..,..,..,..,..,..,..
"....Masbate","Green Corn (Maize, green), Yellow",..,..,..,..,..,..,..,..,..,..,..,..,..,..,..,..,..,..,..,..,..,..,..,..,..,..,..,..,..,..,..,..,..,..,..,..,..,..,..,..,..,..,..,..,..,..,..,..,..,..,..,..,..,..,..,..,..,..,..,..,..,..,..,..,..,..,..,..,..,..,..,..,..,..,..,..,..,..,..,..,..,..,..,..,..,..,..,..,..,..,..,..,..,..,..,..,..,..,..,..,..,..,..,..,..,..,..,..,..,..,..,..,..,..,..,..,..,..,..,..,..,..,..,..,..,..,..,..,..,..,..,..,..,..,..,..,..,..,..,..,..,..,..
"....Sorsogon","Palay [Paddy] Fancy, dry (conv. to 14% mc)",..,..,..,..,..,..,..,..,..,..,..,..,..,..,..,..,..,..,..,..,..,..,..,..,..,..,..,..,..,..,..,..,..,..,..,..,..,..,..,..,..,..,..,..,..,..,..,..,..,..,..,..,..,..,..,..,..,..,..,..,..,..,..,..,..,..,..,..,..,..,..,..,..,..,..,..,..,..,..,..,..,..,..,..,..,..,..,..,..,..,..,..,..,..,..,..,..,..,..,..,..,..,..,..,..,..,..,..,..,..,..,..,..,..,..,..,..,..,..,..,..,..,..,..,..,..,..,..,..,..,..,..,..,..,..,..,..,..,..,..,..,..,..
"....Sorsogon","Palay [Paddy] Other Variety, dry (conv. to 14% mc)",14.37,13.84,17.39,18.75,17.45,17.53,..,18.12,19.01,18.37,18.44,18.51,17.43,17.92,..,14.16,14.14,13.04,13.58,..,14.04,14.46,13.98,13.36,13.18,14.19,..,14.57,14.76,14.45,14.20,14.64,..,16.30,17.85,14.62,14.14,14.68,15.02,..,15.40,16.00,16.24,16.54,..,..,15.89,17.28,16.27,16.43,16.64,16.30,..,..,19.44,18.10,17.98,17.68,..,19.56,20.50,17.83,17.67,17.73,18.50,..,..,16.60,16.32,16.16,..,..,13.32,13.99,13.05,13.48,..,14.70,..,..,14.89,18.17,16.60,15.94,..,14.09,12.82,12.42,..,..,14.99,..,..,15.45,13.66,14.97,..,14.24,14.99,14.81,13.43,..,..,14.51,..,..,16.23,14.98,14.85,..,..,..,16.10,15.11,16.43,..,15.62,..,..,17.67,16.95,18.89,..,..,..,18.80,20.02,20.42,..,18.79,..,..,..,..,..,..,..,..,..,..,..,..,..
"....Sorsogon","Corngrain [Maize] White, matured",..,..,..,..,..,..,..,..,..,..,..,..,..,..,..,..,..,..,..,..,..,..,..,..,..,..,..,..,..,..,..,..,..,..,..,..,..,..,..,..,..,..,..,..,..,..,..,..,..,..,..,..,..,..,..,..,..,..,..,..,..,..,..,..,..,..,..,..,..,..,..,..,..,..,..,..,..,..,..,..,..,..,..,..,..,..,..,..,..,..,..,..,..,..,..,..,..,..,..,..,..,..,..,..,..,..,..,..,..,..,..,..,..,..,..,..,..,..,..,..,..,..,..,..,..,..,..,..,..,..,..,..,..,..,..,..,..,..,..,..,..,..,..
"....Sorsogon","Corngrain [Maize] Yellow, matured",..,..,..,..,..,..,..,..,..,..,..,..,..,..,..,..,..,..,..,..,..,..,..,..,..,..,..,..,..,..,..,..,..,..,..,..,..,..,..,..,..,..,..,..,..,..,..,..,..,..,..,..,..,..,..,..,..,..,..,..,..,..,..,..,..,..,..,..,..,..,..,..,..,..,..,..,..,..,..,..,..,..,..,..,..,..,..,..,..,..,..,..,..,..,..,..,..,..,..,..,..,..,..,..,..,..,..,..,..,..,..,..,..,..,..,..,..,..,..,..,..,..,..,..,..,..,..,..,..,..,..,..,..,..,..,..,..,..,..,..,..,..,..
"....Sorsogon","Green Corn (Maize, green), White",27.80,23.24,28.04,23.01,24.15,23.69,26.55,26.53,24.60,21.84,21.69,26.08,24.77,28.94,29.86,29.93,25.60,23.33,21.31,23.88,23.92,25.78,26.90,28.21,25.33,26.08,23.80,29.40,27.13,24.41,25.48,26.72,26.68,25.47,27.75,27.87,30.21,26.77,26.81,31.08,29.88,27.76,30.87,27.17,29.92,29.89,29.97,33.84,31.62,31.84,33.45,30.61,..,..,..,..,..,..,..,..,..,..,..,..,..,..,..,..,..,..,..,..,..,..,..,..,..,..,..,..,..,..,..,..,..,..,..,..,..,..,..,..,..,..,..,..,..,..,..,..,..,..,..,..,..,..,..,..,..,..,..,..,..,..,..,..,..,..,..,..,..,..,..,..,..,..,..,..,..,..,..,..,..,..,..,..,..,..,..,..,..,..,..
"....Sorsogon","Green Corn (Maize, green), Yellow",..,..,..,..,..,..,..,..,..,..,..,..,..,..,..,..,..,..,..,..,..,..,..,..,..,..,..,..,..,..,..,..,..,..,..,..,..,..,..,..,..,..,..,..,..,..,..,..,..,..,..,..,..,..,..,..,..,..,..,..,..,..,..,..,..,..,..,..,..,..,..,..,..,..,..,..,..,..,..,..,..,..,..,..,..,..,..,..,..,..,..,..,..,..,..,..,..,..,..,..,..,..,..,..,..,..,..,..,..,..,..,..,..,..,..,..,..,..,..,..,..,..,..,..,..,..,..,..,..,..,..,..,..,..,..,..,..,..,..,..,..,..,..
"..REGION VI (WESTERN VISAYAS)","Palay [Paddy] Fancy, dry (conv. to 14% mc)",..,..,..,..,..,..,..,..,..,..,..,..,..,..,..,..,..,..,..,..,..,..,..,..,..,..,..,..,..,..,..,..,..,..,..,..,..,..,..,..,..,..,..,..,..,..,..,..,..,..,..,..,..,..,..,..,..,..,..,..,..,..,..,..,..,..,..,..,..,..,..,..,..,..,..,..,..,..,..,..,..,..,..,..,..,..,..,..,..,..,..,..,..,..,..,..,..,..,..,..,..,..,..,..,..,..,..,..,..,..,..,..,..,..,..,..,..,..,..,..,..,..,..,..,..,..,..,..,..,..,..,..,..,..,..,..,..,..,..,..,..,..,..
"..REGION VI (WESTERN VISAYAS)","Palay [Paddy] Other Variety, dry (conv. to 14% mc)",15.46,16.63,19.04,19.03,20.32,20.75,20.76,20.16,19.32,17.92,17.75,17.26,18.70,16.18,16.54,18.07,18.40,18.04,17.79,17.83,17.23,16.06,15.07,15.17,15.72,16.84,15.45,16.35,16.94,18.02,18.49,18.88,19.00,18.25,15.90,14.86,15.26,15.42,16.90,15.15,15.39,16.50,17.85,17.42,17.95,17.84,16.85,14.97,15.27,15.67,16.64,16.46,17.32,19.53,20.94,21.09,20.24,20.93,22.12,23.68,20.16,18.31,18.38,18.77,20.12,18.61,18.81,18.99,19.48,19.09,19.01,19.05,17.06,14.97,14.60,14.15,14.24,17.34,14.82,15.37,16.47,18.69,17.86,17.62,16.68,15.85,14.97,14.76,15.32,15.64,16.17,15.42,15.32,16.28,16.72,16.91,16.44,16.03,16.39,15.20,15.01,15.57,16.84,16.01,16.83,17.17,17.60,18.04,18.62,19.17,19.31,18.45,17.07,16.92,17.03,17.47,17.81,17.82,18.04,18.68,19.53,19.87,20.69,20.43,21.89,18.49,19.68,20.66,22.40,19.85,24.78,26.68,..,..,..,..,..,..,..,..,..,..,..
"..REGION VI (WESTERN VISAYAS)","Corngrain [Maize] White, matured",17.51,16.60,17.75,17.99,17.98,18.24,17.52,16.72,14.59,14.62,14.66,14.78,16.58,13.07,13.12,16.26,17.24,18.65,18.51,17.51,14.95,14.41,12.66,13.03,12.84,15.19,13.99,14.52,16.09,16.84,16.26,15.46,14.59,13.28,11.70,11.21,10.94,11.12,13.83,9.57,11.84,10.52,11.94,10.38,11.97,12.27,11.49,11.42,10.61,12.97,10.56,11.30,20.14,13.00,20.36,20.94,22.00,22.00,22.00,17.77,11.54,13.58,11.68,12.11,17.26,13.18,9.82,11.53,12.77,11.54,14.53,12.52,10.38,10.83,10.88,10.29,13.19,11.79,11.92,11.13,15.05,10.41,11.89,15.83,15.31,13.21,13.20,12.57,13.11,14.18,13.15,13.90,13.86,14.81,15.23,14.96,14.31,14.84,15.52,14.60,14.68,14.94,13.35,14.58,15.28,15.51,14.70,16.34,17.01,17.15,19.07,22.42,18.08,17.98,19.01,19.92,17.71,20.60,24.34,22.80,22.83,21.55,30.23,28.50,22.02,22.04,21.73,21.95,24.66,23.60,..,..,..,..,..,..,..,..,..,..,..,..,..
"..REGION VI (WESTERN VISAYAS)","Corngrain [Maize] Yellow, matured",12.86,12.21,12.46,12.67,13.23,13.88,13.87,13.07,13.47,13.24,12.88,13.04,13.07,11.25,11.47,12.75,13.39,13.54,14.40,13.39,13.42,12.19,11.20,11.03,12.27,12.53,12.94,12.55,12.85,14.22,13.96,13.53,13.19,11.93,12.64,10.21,10.35,10.00,12.36,10.14,11.06,10.22,9.61,10.71,11.96,12.38,11.96,11.79,11.32,11.39,..,11.14,15.50,13.18,14.97,13.76,..,14.67,..,13.06,14.08,13.87,13.93,17.95,14.50,13.47,13.80,13.43,15.70,14.71,16.02,17.71,13.16,11.87,10.50,9.93,11.37,13.47,11.50,12.18,11.77,12.13,14.84,14.88,16.00,14.63,11.59,12.67,11.23,10.67,12.84,11.85,12.41,12.77,11.97,14.16,14.35,16.21,15.09,14.55,15.96,16.80,16.79,14.41,16.14,16.67,15.90,17.38,19.05,18.47,18.36,19.07,20.20,19.51,20.79,20.15,18.47,20.50,19.62,19.20,19.65,19.56,19.79,21.66,20.60,16.82,17.59,18.00,20.04,19.42,..,..,..,..,..,..,..,..,..,..,..,..,..
"..REGION VI (WESTERN VISAYAS)","Green Corn (Maize, green), White",16.29,14.04,12.92,13.84,13.90,12.90,20.29,20.48,21.99,13.88,13.56,14.69,15.73,12.88,11.58,10.31,13.35,13.49,13.30,25.09,19.32,20.12,22.63,12.36,12.96,15.62,7.25,11.73,8.43,8.60,18.22,8.46,19.94,19.45,17.88,22.17,..,10.00,13.83,15.65,9.81,9.59,8.65,8.92,8.51,22.15,19.88,21.26,22.10,16.15,14.08,14.73,10.23,10.08,10.43,10.23,11.00,9.90,25.69,31.45,20.38,35.14,38.73,26.06,19.94,12.63,16.78,10.56,8.78,10.20,11.28,20.99,20.02,13.26,24.66,14.92,15.06,14.93,14.30,15.19,19.85,17.40,24.17,11.61,16.22,13.61,30.00,32.83,38.95,33.22,22.28,15.46,15.64,12.49,22.57,21.92,13.55,13.87,22.67,15.40,20.11,16.59,21.27,17.63,19.96,15.29,18.69,18.75,20.28,23.46,25.62,18.94,22.38,28.04,30.55,32.49,22.87,40.99,36.55,30.80,35.84,24.72,25.81,24.39,27.62,25.58,23.80,27.00,22.80,28.83,..,..,..,..,..,..,..,..,..,..,..,..,..
"..REGION VI (WESTERN VISAYAS)","Green Corn (Maize, green), Yellow",..,..,..,..,..,..,..,..,..,..,..,..,..,..,..,..,..,..,..,..,..,..,..,..,..,..,..,..,..,..,..,..,..,..,..,..,..,..,..,..,..,..,..,..,..,..,..,..,..,..,..,..,..,..,..,..,..,..,..,..,..,..,..,..,..,..,..,..,..,..,..,..,..,..,..,..,..,..,..,..,..,..,..,..,..,..,..,..,..,..,..,..,..,..,..,..,..,..,..,..,..,..,..,..,..,..,..,..,..,..,..,..,..,..,..,..,..,..,..,..,..,..,..,..,..,..,..,..,..,..,..,..,..,..,..,..,..,..,..,..,..,..,..
"....Aklan","Palay [Paddy] Fancy, dry (conv. to 14% mc)",..,..,..,..,..,..,..,..,..,..,..,..,..,..,..,..,..,..,..,..,..,..,..,..,..,..,..,..,..,..,..,..,..,..,..,..,..,..,..,..,..,..,..,..,..,..,..,..,..,..,..,..,..,..,..,..,..,..,..,..,..,..,..,..,..,..,..,..,..,..,..,..,..,..,..,..,..,..,..,..,..,..,..,..,..,..,..,..,..,..,..,..,..,..,..,..,..,..,..,..,..,..,..,..,..,..,..,..,..,..,..,..,..,..,..,..,..,..,..,..,..,..,..,..,..,..,..,..,..,..,..,..,..,..,..,..,..,..,..,..,..,..,..
"....Aklan","Palay [Paddy] Other Variety, dry (conv. to 14% mc)",16.40,16.75,17.65,18.69,20.45,21.47,21.93,21.85,21.55,19.78,18.70,17.97,19.43,15.90,16.03,17.69,17.99,17.82,18.21,18.38,18.38,17.53,16.15,16.18,15.87,17.18,15.31,15.33,16.57,17.62,18.32,19.06,19.09,19.32,17.57,16.07,16.02,16.04,17.19,15.20,14.73,16.25,17.66,18.10,17.89,18.04,18.09,17.32,16.43,16.56,17.23,16.96,19.09,19.95,21.20,22.69,22.49,23.17,25.37,26.24,24.12,19.85,19.64,18.65,21.87,19.43,18.59,19.23,20.24,20.51,21.13,21.45,19.44,16.79,15.99,15.52,14.68,18.58,14.13,13.69,15.87,18.42,19.17,18.60,17.75,16.42,16.94,16.23,17.00,15.46,16.64,14.53,13.20,15.89,16.01,16.95,17.41,17.26,17.05,17.12,17.19,16.99,17.09,16.39,17.46,18.18,18.49,18.66,19.40,20.94,20.65,20.59,18.92,18.18,19.93,18.58,19.17,19.48,17.98,18.74,18.60,19.53,20.22,21.00,23.20,19.35,19.01,20.78,21.57,19.96,27.33,27.52,..,..,..,..,..,..,..,..,..,..,..
"....Aklan","Corngrain [Maize] White, matured",..,..,..,..,..,..,..,..,..,..,..,..,..,..,..,..,..,..,..,..,..,..,..,..,..,..,..,..,..,..,..,..,..,..,..,..,..,..,..,..,..,..,..,..,..,..,..,..,..,..,..,..,..,..,..,..,..,..,..,..,..,..,..,..,..,13.93,7.64,8.05,10.99,11.04,11.08,11.25,10.46,9.76,9.88,8.53,10.51,10.26,10.30,9.68,11.38,10.41,9.85,12.83,13.84,13.98,14.64,10.59,15.00,15.03,12.29,15.00,15.18,16.97,16.12,15.54,16.24,16.87,17.39,15.66,16.06,16.61,12.00,15.80,16.18,15.91,17.57,17.55,16.54,16.55,19.21,25.00,17.10,16.13,17.24,17.83,17.73,20.00,30.81,26.62,25.97,23.09,39.49,35.00,24.70,26.36,24.73,25.00,29.64,27.62,..,..,..,..,..,..,..,..,..,..,..,..,..
"....Aklan","Corngrain [Maize] Yellow, matured",..,..,..,..,..,..,..,..,..,..,..,..,..,..,..,..,..,..,..,..,..,..,..,..,..,..,..,..,..,..,..,..,..,..,..,..,..,..,..,..,..,..,..,..,..,..,..,..,..,..,..,..,..,..,..,..,..,..,..,..,..,..,..,..,..,..,..,..,..,..,..,..,..,..,..,..,..,..,..,..,..,..,..,..,..,..,..,..,..,..,..,..,..,..,..,..,..,..,..,..,..,..,..,..,..,..,..,..,..,..,..,..,..,..,..,..,..,..,..,..,..,..,..,..,..,..,..,..,..,..,..,..,..,..,..,..,..,..,..,..,..,..,..
"....Aklan","Green Corn (Maize, green), White",..,..,..,..,..,..,..,..,..,..,..,..,..,..,..,..,..,..,..,..,..,..,..,..,..,..,..,..,..,..,..,..,..,..,..,..,..,..,..,..,..,..,..,..,..,..,..,..,..,..,..,..,..,..,..,..,..,..,..,..,..,..,..,..,..,..,..,..,..,..,..,..,..,..,..,..,..,..,..,..,..,..,..,..,..,..,..,..,..,..,..,..,..,..,..,..,..,..,..,..,..,..,..,..,..,..,..,..,..,..,..,..,..,..,..,..,..,..,..,..,..,..,..,..,..,..,..,..,..,..,..,..,..,..,..,..,..,..,..,..,..,..,..
"....Aklan","Green Corn (Maize, green), Yellow",..,..,..,..,..,..,..,..,..,..,..,..,..,..,..,..,..,..,..,..,..,..,..,..,..,..,..,..,..,..,..,..,..,..,..,..,..,..,..,..,..,..,..,..,..,..,..,..,..,..,..,..,..,..,..,..,..,..,..,..,..,..,..,..,..,..,..,..,..,..,..,..,..,..,..,..,..,..,..,..,..,..,..,..,..,..,..,..,..,..,..,..,..,..,..,..,..,..,..,..,..,..,..,..,..,..,..,..,..,..,..,..,..,..,..,..,..,..,..,..,..,..,..,..,..,..,..,..,..,..,..,..,..,..,..,..,..,..,..,..,..,..,..
"....Antique","Palay [Paddy] Fancy, dry (conv. to 14% mc)",..,..,..,..,..,..,..,..,..,..,..,..,..,..,..,..,..,..,..,..,..,..,..,..,..,..,..,..,..,..,..,..,..,..,..,..,..,..,..,..,..,..,..,..,..,..,..,..,..,..,..,..,..,..,..,..,..,..,..,..,..,..,..,..,..,..,..,..,..,..,..,..,..,..,..,..,..,..,..,..,..,..,..,..,..,..,..,..,..,..,..,..,..,..,..,..,..,..,..,..,..,..,..,..,..,..,..,..,..,..,..,..,..,..,..,..,..,..,..,..,..,..,..,..,..,..,..,..,..,..,..,..,..,..,..,..,..,..,..,..,..,..,..
"....Antique","Palay [Paddy] Other Variety, dry (conv. to 14% mc)",15.44,16.31,18.46,18.98,19.33,19.64,19.69,17.88,17.63,17.02,16.80,15.13,17.69,15.43,15.82,18.04,18.22,18.78,17.93,17.60,15.73,14.38,14.33,15.25,15.16,16.39,15.33,15.97,17.29,17.83,18.19,17.52,17.72,16.99,14.51,14.09,14.37,14.73,16.21,15.11,15.77,17.28,17.62,16.61,16.54,16.47,15.50,13.51,14.39,14.32,16.13,15.77,17.47,19.43,20.24,20.07,19.81,20.51,21.02,20.32,16.45,16.88,16.70,17.81,18.89,18.23,18.50,18.61,18.95,18.83,18.36,16.66,14.48,13.54,13.92,14.58,14.18,16.57,15.25,14.22,16.20,18.41,18.57,16.10,15.19,14.34,13.68,13.37,13.51,14.76,15.30,15.00,14.71,14.93,15.71,15.72,15.35,14.49,15.05,13.00,13.41,14.73,15.38,14.79,16.61,17.17,17.25,17.68,17.69,18.47,18.14,16.51,14.80,15.23,15.22,16.00,16.73,16.62,17.05,19.31,20.22,20.55,20.11,18.63,21.57,16.86,18.82,20.38,22.64,19.40,25.37,26.38,..,..,..,..,..,..,..,..,..,..,..
"....Antique","Corngrain [Maize] White, matured",..,..,..,..,..,..,..,..,..,..,..,..,..,..,..,..,..,..,..,..,..,..,..,..,..,..,..,..,..,..,..,..,..,..,..,..,..,..,..,..,..,..,..,..,..,..,..,..,..,..,..,..,..,..,..,..,..,..,..,..,..,..,..,..,..,..,..,..,..,..,..,..,..,..,..,..,..,..,..,..,..,..,..,..,..,..,..,..,..,..,..,..,..,..,..,..,..,..,..,..,..,..,..,..,..,..,..,..,..,..,..,..,..,..,..,..,..,..,..,..,..,..,..,..,..,..,..,..,..,..,..,..,..,..,..,..,..,..,..,..,..,..,..
"....Antique","Corngrain [Maize] Yellow, matured",..,..,..,..,..,..,..,..,..,..,..,..,..,..,..,..,..,..,..,..,..,..,..,..,..,..,..,..,..,..,..,..,..,..,..,..,..,..,..,..,..,..,..,..,..,..,..,..,..,..,..,..,..,..,..,..,..,..,..,..,..,..,..,..,..,..,..,..,..,..,..,..,..,..,..,..,..,..,..,..,..,..,..,..,..,..,..,..,..,..,..,..,..,..,..,..,..,..,..,..,..,..,..,..,..,..,..,..,..,..,..,..,..,..,..,..,..,..,..,..,..,..,..,..,..,..,..,..,..,..,..,..,..,..,..,..,..,..,..,..,..,..,..
"....Antique","Green Corn (Maize, green), White",..,..,..,..,..,..,..,..,..,..,..,..,..,..,..,..,..,..,..,..,..,..,..,..,..,..,..,..,..,..,..,..,..,..,..,..,..,..,..,..,..,..,..,..,..,..,..,..,..,..,..,..,..,..,..,..,..,..,..,..,..,..,..,..,..,..,..,..,..,..,..,..,..,..,..,..,..,..,..,..,..,..,..,..,..,..,..,..,..,..,..,..,..,..,..,..,..,..,..,..,..,..,..,..,..,..,..,..,..,..,..,..,..,..,..,..,..,..,..,..,..,..,..,..,..,..,..,..,..,..,..,..,..,..,..,..,..,..,..,..,..,..,..
"....Antique","Green Corn (Maize, green), Yellow",..,..,..,..,..,..,..,..,..,..,..,..,..,..,..,..,..,..,..,..,..,..,..,..,..,..,..,..,..,..,..,..,..,..,..,..,..,..,..,..,..,..,..,..,..,..,..,..,..,..,..,..,..,..,..,..,..,..,..,..,..,..,..,..,..,..,..,..,..,..,..,..,..,..,..,..,..,..,..,..,..,..,..,..,..,..,..,..,..,..,..,..,..,..,..,..,..,..,..,..,..,..,..,..,..,..,..,..,..,..,..,..,..,..,..,..,..,..,..,..,..,..,..,..,..,..,..,..,..,..,..,..,..,..,..,..,..,..,..,..,..,..,..
"....Capiz","Palay [Paddy] Fancy, dry (conv. to 14% mc)",..,..,..,..,..,..,..,..,..,..,..,..,..,..,..,..,..,..,..,..,..,..,..,..,..,..,..,..,..,..,..,..,..,..,..,..,..,..,..,..,..,..,..,..,..,..,..,..,..,..,..,..,..,..,..,..,..,..,..,..,..,..,..,..,..,..,..,..,..,..,..,..,..,..,..,..,..,..,..,..,..,..,..,..,..,..,..,..,..,..,..,..,..,..,..,..,..,..,..,..,..,..,..,..,..,..,..,..,..,..,..,..,..,..,..,..,..,..,..,..,..,..,..,..,..,..,..,..,..,..,..,..,..,..,..,..,..,..,..,..,..,..,..
"....Capiz","Palay [Paddy] Other Variety, dry (conv. to 14% mc)",15.73,17.34,18.93,19.25,20.04,20.45,20.27,20.55,19.46,18.11,17.37,17.43,18.74,16.04,16.49,17.15,17.21,17.22,17.88,18.35,18.13,16.41,15.35,14.82,16.24,16.77,15.78,15.49,16.43,16.39,17.21,18.66,17.79,17.81,14.93,14.06,14.73,15.54,16.24,14.57,14.64,15.56,15.74,16.27,16.23,16.57,15.96,14.82,15.09,15.69,16.39,15.63,16.53,18.84,19.88,20.57,19.10,19.38,20.40,20.93,18.88,18.04,17.87,17.58,19.00,18.21,17.11,17.20,17.71,18.38,18.50,18.34,17.03,14.84,14.55,14.32,14.95,16.76,14.58,14.35,16.10,18.53,18.04,17.26,16.91,17.02,16.00,15.73,16.13,16.05,16.39,15.30,15.36,15.46,14.60,14.93,14.96,15.85,16.40,15.06,13.96,15.31,19.71,15.58,16.37,15.98,16.09,18.11,18.85,18.75,19.26,19.32,18.46,16.92,17.04,17.20,17.70,17.10,18.68,18.49,19.85,19.51,20.65,21.21,23.39,18.20,19.51,21.01,22.37,20.00,23.44,25.65,..,..,..,..,..,..,..,..,..,..,..
"....Capiz","Corngrain [Maize] White, matured",..,..,..,..,..,..,..,..,..,..,..,..,..,..,..,..,..,..,..,..,..,..,..,..,..,..,..,..,..,..,..,..,..,..,..,..,..,..,..,..,..,..,..,..,..,..,..,..,..,..,..,..,..,..,..,..,..,..,..,..,..,..,..,..,..,..,..,..,..,..,..,..,..,..,..,..,..,..,..,..,..,..,..,..,..,..,..,..,..,..,..,..,..,..,..,..,..,..,..,..,..,..,..,..,..,..,..,..,..,..,..,..,..,..,..,..,..,..,..,..,..,..,..,..,..,..,..,..,..,..,..,..,..,..,..,..,..,..,..,..,..,..,..
"....Capiz","Corngrain [Maize] Yellow, matured",..,10.74,11.59,12.16,..,..,..,14.00,13.77,..,..,..,12.45,..,11.44,11.94,12.53,12.53,..,..,12.45,11.61,10.49,..,..,11.86,..,11.44,12.55,13.18,..,..,..,12.75,12.26,10.78,..,..,12.16,..,..,9.92,9.94,..,..,..,10.97,11.15,11.91,..,..,10.78,..,13.99,15.79,13.85,..,..,..,15.11,14.93,14.00,..,..,14.61,..,14.26,14.20,14.46,..,..,..,13.82,11.38,10.84,..,..,13.16,..,12.40,11.39,12.03,..,..,..,13.05,11.56,11.75,..,..,12.03,..,12.25,12.61,..,..,..,..,17.00,15.29,..,..,..,14.29,..,17.35,17.83,18.40,..,..,..,19.15,19.51,18.20,..,..,18.41,..,..,18.39,19.21,19.15,18.69,..,19.52,15.78,15.42,..,..,18.02,..,..,..,..,..,..,..,..,..,..,..,..,..
"....Capiz","Green Corn (Maize, green), White",..,..,..,..,..,..,..,..,..,..,..,..,..,..,..,..,..,..,..,..,..,..,..,..,..,..,..,..,..,..,..,..,..,..,..,..,..,..,..,..,..,..,..,..,..,..,..,..,..,..,..,..,..,..,..,..,..,..,..,..,..,..,..,..,..,..,..,..,..,..,..,..,..,..,..,..,..,..,..,..,..,..,..,..,..,..,..,..,..,..,..,..,..,..,..,..,..,..,..,..,..,..,..,..,..,..,..,..,..,..,..,..,..,..,..,..,..,..,..,..,..,..,..,..,..,..,..,..,..,..,..,..,..,..,..,..,..,..,..,..,..,..,..
"....Capiz","Green Corn (Maize, green), Yellow",..,..,..,..,..,..,..,..,..,..,..,..,..,..,..,..,..,..,..,..,..,..,..,..,..,..,..,..,..,..,..,..,..,..,..,..,..,..,..,..,..,..,..,..,..,..,..,..,..,..,..,..,..,..,..,..,..,..,..,..,..,..,..,..,..,..,..,..,..,..,..,..,..,..,..,..,..,..,..,..,..,..,..,..,..,..,..,..,..,..,..,..,..,..,..,..,..,..,..,..,..,..,..,..,..,..,..,..,..,..,..,..,..,..,..,..,..,..,..,..,..,..,..,..,..,..,..,..,..,..,..,..,..,..,..,..,..,..,..,..,..,..,..
"....Guimaras","Palay [Paddy] Fancy, dry (conv. to 14% mc)",..,..,..,..,..,..,..,..,..,..,..,..,..,..,..,..,..,..,..,..,..,..,..,..,..,..,..,..,..,..,..,..,..,..,..,..,..,..,..,..,..,..,..,..,..,..,..,..,..,..,..,..,..,..,..,..,..,..,..,..,..,..,..,..,..,..,..,..,..,..,..,..,..,..,..,..,..,..,..,..,..,..,..,..,..,..,..,..,..,..,..,..,..,..,..,..,..,..,..,..,..,..,..,..,..,..,..,..,..,..,..,..,..,..,..,..,..,..,..,..,..,..,..,..,..,..,..,..,..,..,..,..,..,..,..,..,..,..,..,..,..,..,..
"....Guimaras","Palay [Paddy] Other Variety, dry (conv. to 14% mc)",14.06,15.58,17.22,17.35,21.59,22.36,20.88,20.33,19.44,18.55,19.05,19.02,18.79,17.40,17.18,18.74,20.16,19.69,19.35,18.52,17.49,15.43,14.19,14.42,14.32,17.24,15.12,16.73,17.00,18.41,18.80,18.92,19.56,19.02,15.71,15.93,15.61,15.66,17.21,14.64,15.06,15.56,16.79,18.29,18.03,16.65,15.33,13.70,13.55,15.17,15.13,15.66,14.92,17.18,18.40,19.42,19.62,22.14,22.54,22.92,20.80,18.97,20.22,19.76,19.74,19.95,21.67,21.98,22.00,..,..,21.96,16.07,14.98,14.84,12.84,13.51,17.98,15.00,19.00,..,18.00,13.23,15.25,15.91,15.33,14.18,14.67,14.45,14.69,15.43,15.04,15.68,16.13,17.31,18.66,17.68,17.00,15.72,15.80,15.50,15.16,14.88,16.21,16.35,15.76,16.59,17.83,19.00,17.83,19.58,17.93,15.37,17.40,15.46,16.69,17.15,16.07,16.76,16.66,18.51,19.18,19.27,17.53,18.71,19.02,18.35,17.91,18.67,18.05,19.32,21.73,..,..,..,..,..,..,..,..,..,..,..
"....Guimaras","Corngrain [Maize] White, matured",..,..,..,..,..,..,..,..,..,..,..,..,..,..,..,..,..,..,..,..,..,..,..,..,..,..,..,..,..,..,..,..,..,..,..,..,..,..,..,..,..,..,..,..,..,..,..,..,..,15.56,..,15.56,..,..,..,..,..,..,..,..,..,..,..,..,..,..,..,..,..,..,..,..,..,..,..,..,..,..,..,..,..,..,..,..,..,..,..,..,..,..,..,..,..,..,..,..,..,..,..,..,..,..,..,..,..,..,..,..,..,..,..,..,..,..,..,..,..,..,..,..,..,..,..,..,..,..,..,..,..,..,..,..,..,..,..,..,..,..,..,..,..,..,..
"....Guimaras","Corngrain [Maize] Yellow, matured",..,..,..,..,..,..,15.00,13.82,15.50,..,..,..,14.77,..,..,..,..,..,..,14.36,14.90,12.39,..,..,..,13.88,..,..,..,..,..,..,..,..,14.98,..,..,..,14.98,..,..,..,..,..,..,12.77,13.89,12.85,..,..,..,13.17,..,..,..,..,..,..,..,..,15.14,15.43,15.78,15.94,15.57,..,..,..,..,..,..,..,..,..,..,..,..,..,..,..,..,..,..,..,12.00,20.00,16.66,17.88,..,..,16.64,..,..,..,..,..,..,21.98,16.29,16.84,17.81,19.05,16.64,18.10,..,..,..,..,..,..,..,..,..,..,..,..,..,..,..,..,..,..,..,..,25.07,21.00,21.00,19.54,22.22,21.77,..,..,..,..,..,..,..,..,..,..,..,..,..
"....Guimaras","Green Corn (Maize, green), White",..,..,..,..,..,..,27.94,27.10,30.00,..,..,..,28.35,..,..,..,..,..,..,38.24,27.48,27.82,32.05,..,..,31.40,..,..,..,..,..,..,31.97,30.87,26.96,35.11,..,..,31.23,..,..,..,..,..,..,35.21,30.16,35.85,33.64,..,..,33.72,..,..,..,..,..,..,38.67,32.89,31.81,35.14,38.73,38.19,35.91,..,..,..,..,..,..,..,..,..,..,..,..,..,..,..,..,..,..,..,..,..,..,..,..,..,..,..,..,..,..,..,..,..,..,..,..,..,..,..,..,..,..,..,..,..,..,..,..,..,..,..,..,..,..,..,..,..,..,..,..,..,..,..,..,..,..,..,..,..,..,..,..,..,..,..,..,..,..
"....Guimaras","Green Corn (Maize, green), Yellow",..,..,..,..,..,..,..,..,..,..,..,..,..,..,..,..,..,..,..,..,..,..,..,..,..,..,..,..,..,..,..,..,..,..,..,..,..,..,..,..,..,..,..,..,..,..,..,..,..,..,..,..,..,..,..,..,..,..,..,..,..,..,..,..,..,..,..,..,..,..,..,..,..,..,..,..,..,..,..,..,..,..,..,..,..,..,..,..,..,..,..,..,..,..,..,..,..,..,..,..,..,..,..,..,..,..,..,..,..,..,..,..,..,..,..,..,..,..,..,..,..,..,..,..,..,..,..,..,..,..,..,..,..,..,..,..,..,..,..,..,..,..,..
"....Iloilo","Palay [Paddy] Fancy, dry (conv. to 14% mc)",..,..,..,..,..,..,..,..,..,..,..,..,..,..,..,..,..,..,..,..,..,..,..,..,..,..,..,..,..,..,..,..,..,..,..,..,..,..,..,..,..,..,..,..,..,..,..,..,..,..,..,..,..,..,..,..,..,..,..,..,..,..,..,..,..,..,..,..,..,..,..,..,..,..,..,..,..,..,..,..,..,..,..,..,..,..,..,..,..,..,..,..,..,..,..,..,..,..,..,..,..,..,..,..,..,..,..,..,..,..,..,..,..,..,..,..,..,..,..,..,..,..,..,..,..,..,..,..,..,..,..,..,..,..,..,..,..,..,..,..,..,..,..
"....Iloilo","Palay [Paddy] Other Variety, dry (conv. to 14% mc)",14.96,17.69,21.59,20.03,20.44,20.06,21.25,20.06,18.97,16.93,17.40,16.82,18.85,16.33,16.88,17.28,17.80,17.60,17.81,18.03,17.86,17.31,16.30,16.23,16.35,17.15,14.73,17.00,16.70,19.02,20.52,21.00,21.00,..,15.18,12.03,13.51,13.51,16.75,15.24,16.27,16.67,21.09,16.84,21.03,21.00,17.99,12.92,14.96,14.79,17.34,17.18,17.05,20.32,21.14,20.72,19.72,19.40,21.51,24.98,17.88,16.81,17.92,19.01,19.71,16.89,17.53,17.34,17.76,18.61,18.50,19.23,15.43,15.12,14.38,14.77,13.89,16.62,14.69,15.47,14.41,14.78,16.20,19.57,16.58,14.26,13.56,14.19,14.60,15.28,15.30,15.85,16.43,16.89,17.00,17.44,15.01,15.15,16.59,15.15,14.21,15.30,15.51,15.88,15.68,17.88,16.98,15.66,17.45,17.67,17.56,17.10,16.44,15.48,15.38,17.18,16.71,18.51,17.97,19.57,19.71,19.24,22.50,21.84,21.96,18.10,21.21,20.37,22.43,20.28,26.34,27.23,..,..,..,..,..,..,..,..,..,..,..
"....Iloilo","Corngrain [Maize] White, matured",..,..,..,..,..,..,..,..,..,..,..,..,..,..,..,..,..,..,..,..,..,..,..,..,..,..,..,..,..,..,..,..,..,..,..,..,..,..,..,..,..,..,..,..,..,..,..,..,..,..,..,..,..,..,..,..,..,..,..,..,..,..,..,..,..,..,..,..,..,..,..,..,..,..,..,..,..,..,..,..,..,..,..,..,..,..,..,..,..,..,..,..,..,..,..,..,..,..,..,..,..,..,..,..,..,..,..,..,..,..,..,..,..,..,..,..,..,..,..,..,..,..,..,..,..,..,..,..,..,..,..,..,..,..,..,..,..,..,..,..,..,..,..
"....Iloilo","Corngrain [Maize] Yellow, matured",..,12.50,11.34,12.01,12.05,..,12.68,11.72,12.76,13.42,12.41,12.79,12.37,..,..,12.04,12.50,13.05,..,12.34,..,11.74,11.44,10.06,..,11.88,..,..,12.00,14.00,13.50,..,..,..,..,9.53,..,..,12.26,10.76,10.22,10.43,9.89,10.25,..,..,11.68,12.26,12.06,12.50,..,11.12,..,..,15.96,14.00,..,14.67,..,11.97,14.65,13.05,13.00,25.00,15.29,13.47,14.07,13.09,14.44,14.71,..,17.00,11.91,11.98,9.57,9.86,9.30,12.67,12.27,12.49,12.14,12.22,14.84,14.63,..,14.00,8.02,10.34,12.19,10.04,12.11,11.69,12.34,13.21,13.09,13.95,14.79,14.05,13.26,12.19,17.18,17.68,18.77,14.35,16.52,17.64,18.37,19.18,19.24,..,..,..,21.93,20.95,20.69,18.30,19.20,19.11,..,19.63,20.47,..,..,..,19.57,15.61,14.97,15.15,19.00,17.94,..,..,..,..,..,..,..,..,..,..,..,..,..
"....Iloilo","Green Corn (Maize, green), White",16.29,14.04,12.92,13.84,13.90,12.90,12.63,13.85,13.97,13.88,13.56,14.69,13.87,12.88,11.58,10.31,13.35,13.49,13.30,11.94,11.15,12.41,13.21,12.36,12.96,12.41,7.25,11.73,8.43,8.60,18.22,8.46,7.91,8.02,8.80,9.23,..,10.00,9.70,15.65,9.81,9.59,8.65,8.92,8.51,9.08,9.59,6.67,10.56,16.15,14.08,10.61,10.23,10.08,10.43,10.23,11.00,9.90,12.70,30.00,8.95,..,..,13.93,12.75,12.63,16.78,10.56,8.78,10.20,11.28,20.99,20.02,13.26,24.66,14.92,15.06,14.93,14.30,15.19,19.85,17.40,24.17,11.61,16.22,13.61,30.00,32.83,38.95,33.22,22.28,15.46,15.64,12.49,22.57,21.92,13.55,13.87,22.67,15.40,20.11,16.59,21.27,17.63,19.96,15.29,18.69,18.75,20.28,23.46,25.62,18.94,22.38,28.04,30.55,32.49,22.87,40.99,36.55,30.80,35.84,24.72,25.81,24.39,27.62,25.58,23.80,27.00,22.80,28.83,..,..,..,..,..,..,..,..,..,..,..,..,..
"....Iloilo","Green Corn (Maize, green), Yellow",..,..,..,..,..,..,..,..,..,..,..,..,..,..,..,..,..,..,..,..,..,..,..,..,..,..,..,..,..,..,..,..,..,..,..,..,..,..,..,..,..,..,..,..,..,..,..,..,..,..,..,..,..,..,..,..,..,..,..,..,..,..,..,..,..,..,..,..,..,..,..,..,..,..,..,..,..,..,..,..,..,..,..,..,..,..,..,..,..,..,..,..,..,..,..,..,..,..,..,..,..,..,..,..,..,..,..,..,..,..,..,..,..,..,..,..,..,..,..,..,..,..,..,..,..,..,..,..,..,..,..,..,..,..,..,..,..,..,..,..,..,..,..
"....Negros Occidental","Palay [Paddy] Fancy, dry (conv. to 14% mc)",..,..,..,..,..,..,..,..,..,..,..,..,..,..,..,..,..,..,..,..,..,..,..,..,..,..,..,..,..,..,..,..,..,..,..,..,..,..,..,..,..,..,..,..,..,..,..,..,..,..,..,..,..,..,..,..,..,..,..,..,..,..,..,..,..,..,..,..,..,..,..,..,..,..,..,..,..,..,..,..,..,..,..,..,..,..,..,..,..,..,..,..,..,..,..,..,..,..,..,..,..,..,..,..,..,..,..,..,..,..,..,..,..,..,..,..,..,..,..,..,..,..,..,..,..,..,..,..,..,..,..,..,..,..,..,..,..,..,..,..,..,..,..
"....Negros Occidental","Palay [Paddy] Other Variety, dry (conv. to 14% mc)",16.17,16.11,20.38,19.88,20.07,20.52,20.52,20.28,18.84,17.11,17.16,17.21,18.69,15.96,16.84,19.54,19.04,17.14,15.55,16.10,15.81,15.31,14.07,14.12,16.39,16.32,16.41,17.58,17.63,18.87,17.89,18.10,18.84,18.11,17.51,16.99,17.29,17.03,17.69,16.14,15.84,17.67,18.21,18.43,17.98,18.32,18.21,17.56,17.17,17.50,17.59,17.55,18.85,21.47,24.78,23.05,20.70,21.00,21.87,26.71,22.83,19.30,17.91,19.81,21.52,18.96,19.47,19.58,20.21,19.12,18.55,16.66,19.90,14.53,13.91,12.86,..,17.61,15.28,15.49,19.78,23.99,21.95,18.93,17.73,17.75,15.48,14.39,16.21,17.60,17.88,16.79,16.54,18.38,19.66,17.73,18.22,16.41,17.54,15.09,15.77,15.90,18.44,17.21,18.50,18.07,20.21,20.31,19.35,21.33,20.65,19.22,18.42,18.33,19.15,19.18,19.39,19.16,19.80,19.29,20.31,21.23,21.39,22.39,22.51,19.42,21.16,23.50,26.69,21.40,26.85,31.54,..,..,..,..,..,..,..,..,..,..,..
"....Negros Occidental","Corngrain [Maize] White, matured",17.51,16.60,17.75,17.99,17.98,18.24,17.52,16.72,14.59,14.62,14.66,14.78,16.58,13.07,13.12,16.26,17.24,18.65,18.51,17.51,14.95,14.41,12.66,13.03,12.84,15.19,13.99,14.52,16.09,16.84,16.26,15.46,14.59,13.28,11.70,11.21,10.94,11.12,13.83,9.57,11.84,10.52,11.94,10.38,11.97,12.27,11.49,11.42,10.61,10.37,10.56,11.08,20.14,13.00,20.36,20.94,22.00,22.00,22.00,17.77,11.54,13.58,11.68,12.11,17.26,12.43,12.00,15.00,14.54,12.03,17.98,13.78,10.29,11.90,11.88,12.05,15.86,13.31,13.53,12.57,18.72,..,13.93,18.83,16.78,12.44,11.76,14.55,11.21,13.32,14.33,12.79,12.53,12.64,14.34,14.37,12.37,12.81,13.65,13.53,13.30,13.26,14.70,13.36,14.38,15.10,11.82,15.12,17.47,17.74,18.92,19.83,19.06,19.82,20.78,22.00,17.67,21.20,17.86,18.98,19.68,20.00,20.97,22.00,19.33,17.71,18.72,18.90,19.68,19.59,..,..,..,..,..,..,..,..,..,..,..,..,..
"....Negros Occidental","Corngrain [Maize] Yellow, matured",12.86,13.38,14.45,13.84,14.41,13.88,13.93,12.73,11.83,13.06,13.34,13.28,13.42,11.25,11.50,14.27,15.14,15.05,14.40,13.48,12.90,13.00,11.66,12.00,12.27,13.08,12.94,13.65,14.00,15.49,14.42,13.53,13.19,11.10,10.69,10.32,10.35,10.00,12.47,9.51,11.90,10.30,9.00,11.16,11.96,11.99,11.29,10.88,10.00,10.28,..,10.75,15.50,12.37,13.15,13.44,..,..,..,12.10,11.59,13.00,13.00,12.90,13.01,..,13.07,12.99,18.19,14.71,16.02,18.42,13.74,12.26,11.09,10.00,13.43,13.99,10.73,11.64,..,..,..,15.12,20.00,11.48,10.11,10.71,10.27,11.30,12.37,12.00,12.64,12.49,10.84,14.37,13.90,12.60,13.82,13.89,12.88,13.67,14.96,13.17,15.76,15.01,11.51,14.55,18.86,18.47,18.36,18.98,19.16,19.39,20.89,22.00,17.75,21.89,19.62,19.58,19.28,19.97,20.88,21.66,18.22,14.87,18.98,19.31,18.91,19.43,..,..,..,..,..,..,..,..,..,..,..,..,..
"....Negros Occidental","Green Corn (Maize, green), White",..,..,..,..,..,..,..,..,..,..,..,..,..,..,..,..,..,..,..,..,..,..,..,..,..,..,..,..,..,..,..,..,..,..,..,..,..,..,..,..,..,..,..,..,..,..,..,..,..,..,..,..,..,..,..,..,..,..,..,..,..,..,..,..,..,..,..,..,..,..,..,..,..,..,..,..,..,..,..,..,..,..,..,..,..,..,..,..,..,..,..,..,..,..,..,..,..,..,..,..,..,..,..,..,..,..,..,..,..,..,..,..,..,..,..,..,..,..,..,..,..,..,..,..,..,..,..,..,..,..,..,..,..,..,..,..,..,..,..,..,..,..,..
"....Negros Occidental","Green Corn (Maize, green), Yellow",..,..,..,..,..,..,..,..,..,..,..,..,..,..,..,..,..,..,..,..,..,..,..,..,..,..,..,..,..,..,..,..,..,..,..,..,..,..,..,..,..,..,..,..,..,..,..,..,..,..,..,..,..,..,..,..,..,..,..,..,..,..,..,..,..,..,..,..,..,..,..,..,..,..,..,..,..,..,..,..,..,..,..,..,..,..,..,..,..,..,..,..,..,..,..,..,..,..,..,..,..,..,..,..,..,..,..,..,..,..,..,..,..,..,..,..,..,..,..,..,..,..,..,..,..,..,..,..,..,..,..,..,..,..,..,..,..,..,..,..,..,..,..
"..REGION VII (CENTRAL VISAYAS)","Palay [Paddy] Fancy, dry (conv. to 14% mc)",..,..,..,..,..,..,..,..,..,..,..,..,..,..,..,..,..,..,..,..,..,..,..,..,..,..,..,..,..,..,..,..,..,..,..,..,..,..,..,..,..,..,..,..,..,..,..,..,..,..,..,..,..,..,..,..,..,..,..,..,..,..,..,..,..,..,..,..,..,..,..,..,..,..,..,..,..,..,..,..,..,..,..,..,..,..,..,..,..,..,..,..,..,..,..,..,..,..,..,..,..,..,..,..,..,..,..,..,..,..,..,..,..,..,..,..,..,..,..,..,..,..,..,..,..,..,..,..,..,..,..,..,..,..,..,..,..,..,..,..,..,..,..
"..REGION VII (CENTRAL VISAYAS)","Palay [Paddy] Other Variety, dry (conv. to 14% mc)",17.30,18.14,17.44,21.40,20.83,20.50,20.66,20.64,20.76,18.05,17.45,18.25,19.29,18.77,18.30,18.10,18.02,17.73,17.85,18.70,18.97,18.89,18.35,17.31,18.25,18.27,18.45,17.60,17.95,18.25,18.44,18.74,19.14,19.56,20.23,19.09,16.30,16.28,18.34,17.15,17.58,17.42,19.62,19.96,19.88,19.66,19.50,19.20,18.00,17.36,17.52,18.57,19.23,20.29,21.62,22.75,22.00,21.74,21.74,23.53,24.26,20.29,19.50,19.80,21.40,20.26,21.04,20.09,20.71,20.26,19.45,19.89,19.53,18.34,17.79,17.27,16.82,19.29,17.85,17.65,17.84,21.52,21.18,20.44,20.10,19.43,18.37,15.92,15.59,16.38,18.52,16.93,16.43,17.30,17.82,17.24,17.36,18.25,18.82,18.24,16.44,16.97,17.18,17.42,18.60,18.69,18.01,17.20,17.71,19.84,18.34,19.00,18.41,19.78,17.89,18.61,18.51,17.84,18.47,19.11,19.52,19.38,19.87,22.00,22.46,20.19,20.27,20.71,22.23,20.17,26.86,25.39,..,..,..,..,..,..,..,..,..,..,..
"..REGION VII (CENTRAL VISAYAS)","Corngrain [Maize] White, matured",14.76,16.08,16.00,17.02,17.48,18.00,17.17,15.85,14.24,14.27,14.48,14.58,15.83,14.37,14.53,15.10,16.38,16.27,16.82,15.86,15.42,13.40,12.59,13.74,13.49,14.83,13.59,14.08,14.20,14.26,14.65,14.09,13.51,12.92,11.91,11.25,10.55,11.74,13.06,10.60,10.22,12.19,11.86,13.21,14.12,13.33,13.65,14.25,14.47,15.03,16.47,13.28,16.60,16.60,16.36,15.43,19.14,18.07,16.61,15.95,15.00,14.89,14.83,14.22,16.14,13.22,12.46,12.60,14.97,14.82,14.06,13.79,13.70,14.47,13.08,12.83,12.26,13.52,11.29,12.93,11.79,15.04,13.86,15.72,12.58,11.91,12.40,11.13,12.45,11.84,12.75,11.87,13.70,12.66,12.30,12.50,15.18,15.26,15.47,14.35,15.20,15.50,12.05,13.84,12.98,14.09,15.77,15.99,15.74,18.80,18.41,18.45,16.23,17.65,17.87,17.94,16.66,17.75,17.04,16.95,16.80,16.43,17.28,18.92,26.27,17.90,17.99,16.64,18.25,18.19,..,..,..,..,..,..,..,..,..,..,..,..,..
"..REGION VII (CENTRAL VISAYAS)","Corngrain [Maize] Yellow, matured",13.92,13.92,13.00,17.26,13.98,14.00,12.75,13.23,13.29,12.62,12.75,12.36,13.59,12.61,11.93,13.26,14.08,13.55,13.86,12.78,13.36,12.71,12.59,12.94,12.75,13.04,12.80,12.25,12.75,13.61,13.31,13.72,12.92,10.00,10.85,9.83,8.91,12.38,11.94,10.66,9.82,9.85,..,12.00,10.10,11.63,10.73,12.00,11.29,16.52,..,11.46,..,..,18.00,..,..,16.00,15.00,14.00,11.49,..,..,..,14.90,17.37,..,..,..,..,..,..,13.61,11.84,15.87,..,..,14.67,11.00,15.00,15.00,..,15.00,..,..,12.81,14.73,13.96,14.00,..,13.94,..,13.87,14.80,15.77,15.00,15.00,..,15.00,16.00,17.67,..,..,15.39,..,..,..,18.00,17.07,20.58,..,18.00,17.72,18.58,20.92,19.76,18.83,18.18,18.87,23.82,21.32,15.60,..,..,17.89,16.92,17.45,16.93,19.06,18.60,..,..,..,..,..,..,..,..,..,..,..,..,..
"..REGION VII (CENTRAL VISAYAS)","Green Corn (Maize, green), White",13.50,14.72,15.16,13.39,12.32,12.47,19.47,15.95,18.68,18.68,19.31,14.91,15.71,22.00,22.77,24.52,26.71,..,..,..,13.77,14.49,16.10,..,..,20.05,23.11,..,17.11,14.00,..,26.67,24.35,14.00,15.27,20.00,15.29,20.00,18.98,28.27,27.66,27.95,..,15.59,18.76,20.99,19.00,26.24,20.19,22.17,22.40,22.66,18.98,17.88,15.00,..,..,17.39,..,22.40,23.91,20.00,19.48,17.21,19.14,..,..,..,..,..,..,..,..,..,..,..,..,..,..,..,..,..,..,..,..,..,..,..,..,..,..,..,..,..,..,..,..,..,..,..,..,..,..,..,..,..,..,..,..,..,..,..,..,..,..,..,..,..,..,..,..,..,..,..,..,..,..,..,..,..,..,..,..,..,..,..,..,..,..,..,..,..,..
"..REGION VII (CENTRAL VISAYAS)","Green Corn (Maize, green), Yellow",..,..,..,..,..,..,..,..,..,..,..,..,..,..,..,..,..,..,..,..,..,..,..,..,..,..,..,..,..,..,..,..,..,..,..,..,..,..,..,..,..,..,..,..,..,..,..,..,..,..,..,..,..,..,..,..,..,..,..,..,..,..,..,..,..,..,..,..,..,..,..,..,..,..,..,..,..,..,..,..,..,..,..,..,..,..,..,..,..,..,..,..,..,..,..,..,..,..,..,..,..,..,..,..,..,..,..,..,..,..,..,..,..,..,..,..,..,..,..,..,..,..,..,..,..,..,..,..,..,..,..,..,..,..,..,..,..,..,..,..,..,..,..
"....Bohol","Palay [Paddy] Fancy, dry (conv. to 14% mc)",..,..,..,..,..,..,..,..,..,..,..,..,..,..,..,..,..,..,..,..,..,..,..,..,..,..,..,..,..,..,..,..,..,..,..,..,..,..,..,..,..,..,..,..,..,..,..,..,..,..,..,..,..,..,..,..,..,..,..,..,..,..,..,..,..,..,..,..,..,..,..,..,..,..,..,..,..,..,..,..,..,..,..,..,..,..,..,..,..,..,..,..,..,..,..,..,..,..,..,..,..,..,..,..,..,..,..,..,..,..,..,..,..,..,..,..,..,..,..,..,..,..,..,..,..,..,..,..,..,..,..,..,..,..,..,..,..,..,..,..,..,..,..
"....Bohol","Palay [Paddy] Other Variety, dry (conv. to 14% mc)",17.94,18.29,19.01,23.57,22.31,21.61,22.37,22.81,22.64,18.99,17.61,18.86,20.50,19.16,18.35,17.45,17.33,18.29,19.13,20.48,20.25,20.43,21.47,19.67,19.90,19.33,19.60,19.11,18.32,18.65,19.03,19.98,20.62,21.12,21.70,21.44,17.31,17.05,19.49,17.01,16.85,16.42,20.46,20.89,21.00,20.48,20.37,20.18,19.72,17.01,16.90,18.94,19.59,19.74,21.30,22.60,21.21,22.98,23.12,24.96,26.27,20.09,20.48,20.86,21.93,20.79,21.82,18.72,19.74,20.25,19.87,20.69,19.94,19.58,19.60,19.67,19.15,19.99,19.09,18.26,17.52,22.18,23.24,21.61,21.50,20.71,19.30,16.49,16.69,16.44,19.42,16.33,15.79,16.87,17.21,17.29,18.23,18.34,19.42,19.31,17.24,17.12,16.92,17.51,16.94,16.92,16.24,16.75,17.21,17.80,18.58,19.85,18.66,19.48,17.99,18.86,17.94,18.43,19.95,19.32,19.44,20.44,20.24,21.73,25.88,21.09,23.74,23.98,24.83,21.59,28.39,28.36,..,..,..,..,..,..,..,..,..,..,..
"....Bohol","Corngrain [Maize] White, matured",14.50,14.64,14.52,14.99,14.50,15.00,14.24,14.97,14.97,14.73,14.65,14.44,14.68,14.35,14.32,14.44,15.00,15.50,15.73,14.86,13.99,13.58,13.94,14.00,13.73,14.45,13.35,13.57,12.97,13.09,14.00,13.70,13.11,13.85,11.33,9.73,8.49,9.01,12.18,8.19,8.28,8.66,10.16,10.40,12.86,12.65,13.38,13.83,13.94,12.00,12.00,11.36,13.13,15.00,14.17,9.00,..,15.30,13.53,13.46,15.56,14.97,15.00,14.33,13.95,11.27,12.00,11.26,14.92,14.43,14.45,13.09,11.73,14.18,13.84,13.54,12.53,13.10,10.00,12.39,12.05,13.43,10.36,11.06,12.00,12.56,11.74,11.08,11.77,11.16,11.63,10.55,13.25,12.58,12.34,..,13.00,11.50,13.38,12.71,12.94,10.62,11.26,12.19,11.26,12.00,12.00,14.69,15.74,..,..,17.52,11.50,14.36,13.53,13.88,13.65,14.13,14.50,14.67,13.44,12.20,13.68,15.00,14.16,16.66,16.36,15.00,16.50,14.69,..,..,..,..,..,..,..,..,..,..,..,..,..
"....Bohol","Corngrain [Maize] Yellow, matured",..,..,..,..,..,..,..,..,..,..,..,..,..,..,..,..,..,..,..,..,..,..,..,..,..,..,..,..,..,..,..,..,..,..,..,..,..,..,..,..,..,..,..,..,..,..,..,..,..,..,..,..,..,..,..,..,..,..,..,..,..,..,..,..,..,..,..,..,..,..,..,..,..,..,..,..,..,..,..,..,..,..,..,..,..,..,..,..,..,..,..,..,..,..,..,..,..,..,..,..,..,..,..,..,..,..,..,..,..,..,..,..,..,..,..,..,..,..,..,..,..,..,..,..,..,..,..,..,..,..,..,..,..,..,..,..,..,..,..,..,..,..,..
"....Bohol","Green Corn (Maize, green), White",..,..,..,..,..,..,..,..,..,..,..,..,..,..,..,..,..,..,..,..,..,..,..,..,..,..,..,..,..,..,..,..,..,..,..,..,..,..,..,..,..,..,..,..,..,..,..,..,..,..,..,..,..,..,..,..,..,..,..,..,..,..,..,..,..,..,..,..,..,..,..,..,..,..,..,..,..,..,..,..,..,..,..,..,..,..,..,..,..,..,..,..,..,..,..,..,..,..,..,..,..,..,..,..,..,..,..,..,..,..,..,..,..,..,..,..,..,..,..,..,..,..,..,..,..,..,..,..,..,..,..,..,..,..,..,..,..,..,..,..,..,..,..
"....Bohol","Green Corn (Maize, green), Yellow",..,..,..,..,..,..,..,..,..,..,..,..,..,..,..,..,..,..,..,..,..,..,..,..,..,..,..,..,..,..,..,..,..,..,..,..,..,..,..,..,..,..,..,..,..,..,..,..,..,..,..,..,..,..,..,..,..,..,..,..,..,..,..,..,..,..,..,..,..,..,..,..,..,..,..,..,..,..,..,..,..,..,..,..,..,..,..,..,..,..,..,..,..,..,..,..,..,..,..,..,..,..,..,..,..,..,..,..,..,..,..,..,..,..,..,..,..,..,..,..,..,..,..,..,..,..,..,..,..,..,..,..,..,..,..,..,..,..,..,..,..,..,..
"....Cebu","Palay [Paddy] Fancy, dry (conv. to 14% mc)",..,..,..,..,..,..,..,..,..,..,..,..,..,..,..,..,..,..,..,..,..,..,..,..,..,..,..,..,..,..,..,..,..,..,..,..,..,..,..,..,..,..,..,..,..,..,..,..,..,..,..,..,..,..,..,..,..,..,..,..,..,..,..,..,..,..,..,..,..,..,..,..,..,..,..,..,..,..,..,..,..,..,..,..,..,..,..,..,..,..,..,..,..,..,..,..,..,..,..,..,..,..,..,..,..,..,..,..,..,..,..,..,..,..,..,..,..,..,..,..,..,..,..,..,..,..,..,..,..,..,..,..,..,..,..,..,..,..,..,..,..,..,..
"....Cebu","Palay [Paddy] Other Variety, dry (conv. to 14% mc)",..,..,..,..,..,..,..,..,..,..,..,..,..,..,..,..,..,..,..,..,..,..,..,..,..,..,..,..,..,..,..,..,..,..,..,..,..,..,..,..,..,..,..,..,..,..,..,..,..,..,..,..,..,..,..,..,..,..,..,..,..,..,..,..,..,..,..,..,..,..,..,..,..,..,..,..,..,..,..,..,..,..,..,..,..,..,..,..,..,..,..,..,..,..,..,..,..,..,..,..,..,..,..,..,19.83,20.25,19.97,17.71,..,22.99,17.44,18.19,17.73,17.00,17.14,18.00,18.75,17.27,17.00,20.14,18.75,..,20.00,23.88,22.00,18.51,20.00,20.00,20.00,19.78,30.00,23.00,..,..,..,..,..,..,..,..,..,..,..
"....Cebu","Corngrain [Maize] White, matured",14.94,18.53,18.42,19.96,21.04,21.89,22.60,17.94,13.54,13.90,14.60,15.33,17.72,15.08,15.82,17.04,18.15,18.15,19.02,17.82,18.07,13.20,10.61,13.18,12.77,15.74,13.59,14.65,15.42,15.08,15.08,14.47,14.50,12.78,12.44,12.31,12.34,13.65,13.86,13.65,12.32,15.28,14.64,15.38,15.39,15.38,15.08,15.21,14.60,15.33,18.46,15.06,18.46,17.79,18.52,19.95,20.91,21.10,20.69,20.27,16.92,15.48,15.33,13.94,18.28,14.38,11.94,12.42,12.73,13.09,13.66,14.49,15.76,13.34,13.45,13.51,12.54,13.44,11.52,12.55,12.92,14.43,15.26,16.09,13.16,10.78,13.54,11.12,14.77,12.50,13.22,12.55,16.65,13.00,8.57,12.50,17.53,19.02,18.45,15.85,15.84,17.88,12.83,15.06,14.70,11.27,17.30,17.29,..,19.60,18.41,17.82,17.26,17.18,18.49,19.78,17.19,18.91,..,..,..,..,..,22.81,22.41,..,..,..,..,21.38,..,..,..,..,..,..,..,..,..,..,..,..,..
"....Cebu","Corngrain [Maize] Yellow, matured",..,..,..,..,..,..,..,..,..,..,..,..,..,..,..,..,..,..,..,..,..,..,..,..,..,..,..,..,..,..,..,..,..,..,..,..,..,..,..,..,..,..,..,..,..,..,..,..,..,..,..,..,..,..,..,..,..,..,..,..,..,..,..,..,..,..,..,..,..,..,..,..,..,..,..,..,..,..,..,..,..,..,..,..,..,..,..,..,..,..,..,..,..,..,..,..,..,..,..,..,..,..,..,..,..,..,..,..,..,..,..,..,..,..,..,..,..,..,..,..,..,..,..,..,..,..,..,..,..,..,..,..,..,..,..,..,..,..,..,..,..,..,..
"....Cebu","Green Corn (Maize, green), White",13.50,14.72,15.16,13.39,12.32,12.47,19.47,15.95,18.68,18.68,19.31,14.91,15.71,22.00,22.77,24.52,26.71,..,..,..,13.77,14.49,16.10,..,..,20.05,23.11,..,17.11,14.00,..,26.67,24.35,14.00,15.27,20.00,15.29,20.00,18.98,28.27,27.66,27.95,..,15.59,18.76,20.99,19.00,26.24,20.19,22.17,22.40,22.66,18.98,17.88,15.00,..,..,17.39,..,22.40,23.91,20.00,19.48,17.21,19.14,..,..,..,..,..,..,..,..,..,..,..,..,..,..,..,..,..,..,..,..,..,..,..,..,..,..,..,..,..,..,..,..,..,..,..,..,..,..,..,..,..,..,..,..,..,..,..,..,..,..,..,..,..,..,..,..,..,..,..,..,..,..,..,..,..,..,..,..,..,..,..,..,..,..,..,..,..,..
"....Cebu","Green Corn (Maize, green), Yellow",..,..,..,..,..,..,..,..,..,..,..,..,..,..,..,..,..,..,..,..,..,..,..,..,..,..,..,..,..,..,..,..,..,..,..,..,..,..,..,..,..,..,..,..,..,..,..,..,..,..,..,..,..,..,..,..,..,..,..,..,..,..,..,..,..,..,..,..,..,..,..,..,..,..,..,..,..,..,..,..,..,..,..,..,..,..,..,..,..,..,..,..,..,..,..,..,..,..,..,..,..,..,..,..,..,..,..,..,..,..,..,..,..,..,..,..,..,..,..,..,..,..,..,..,..,..,..,..,..,..,..,..,..,..,..,..,..,..,..,..,..,..,..
"....Negros Oriental","Palay [Paddy] Fancy, dry (conv. to 14% mc)",..,..,..,..,..,..,..,..,..,..,..,..,..,..,..,..,..,..,..,..,..,..,..,..,..,..,..,..,..,..,..,..,..,..,..,..,..,..,..,..,..,..,..,..,..,..,..,..,..,..,..,..,..,..,..,..,..,..,..,..,..,..,..,..,..,..,..,..,..,..,..,..,..,..,..,..,..,..,..,..,..,..,..,..,..,..,..,..,..,..,..,..,..,..,..,..,..,..,..,..,..,..,..,..,..,..,..,..,..,..,..,..,..,..,..,..,..,..,..,..,..,..,..,..,..,..,..,..,..,..,..,..,..,..,..,..,..,..,..,..,..,..,..
"....Negros Oriental","Palay [Paddy] Other Variety, dry (conv. to 14% mc)",16.66,17.99,15.86,19.22,19.34,19.39,18.94,18.46,18.87,17.11,17.28,17.64,18.06,18.37,18.24,18.74,18.71,17.16,16.57,16.91,17.68,17.35,15.22,14.94,16.60,17.21,17.30,16.09,17.58,17.85,17.85,17.50,17.65,17.99,18.75,16.74,15.28,15.51,17.17,17.28,18.31,18.41,18.77,19.02,18.76,18.84,18.62,18.21,16.28,17.70,18.14,18.20,18.86,20.84,21.93,22.89,22.78,20.49,20.36,22.10,22.24,20.49,18.52,18.73,20.85,19.72,20.26,21.46,21.67,20.27,19.03,19.08,19.11,17.10,15.97,14.86,14.49,18.59,16.60,17.04,18.15,20.86,19.11,19.26,18.70,18.14,17.44,15.35,14.49,16.31,17.62,17.52,17.07,17.72,18.42,17.19,16.48,18.15,18.22,17.16,15.63,16.82,17.43,17.32,19.04,18.91,18.31,17.98,18.21,18.74,19.01,18.95,18.83,18.16,18.55,18.98,18.64,17.81,18.46,18.78,18.49,18.44,19.36,20.40,19.50,20.96,19.12,20.64,21.87,19.49,22.19,24.82,..,..,..,..,..,..,..,..,..,..,..
"....Negros Oriental","Corngrain [Maize] White, matured",14.84,15.07,15.07,16.12,16.89,17.10,14.67,14.64,14.21,14.18,14.18,13.98,15.08,13.69,13.44,13.83,15.98,15.16,15.72,14.91,14.21,13.42,13.22,14.05,13.96,14.30,13.83,14.02,14.20,14.61,14.87,..,12.93,12.13,11.95,11.70,10.83,12.55,13.06,9.96,10.06,12.63,10.77,13.85,14.11,11.96,12.50,13.70,14.86,17.76,18.96,13.43,18.22,17.02,16.39,17.33,17.36,17.80,15.62,14.13,12.51,14.22,14.17,14.40,15.76,14.02,13.44,14.13,17.25,16.94,..,..,13.61,15.90,11.95,11.45,11.71,14.04,12.35,13.85,10.41,17.25,15.95,20.00,..,12.38,11.93,11.20,10.80,11.87,13.45,12.51,11.20,12.41,16.00,..,15.00,..,14.59,14.49,16.82,18.00,..,14.56,..,19.00,18.00,..,..,18.00,..,20.00,19.92,21.41,21.58,20.17,19.76,20.20,19.57,19.23,20.16,20.66,20.87,18.96,18.50,19.14,19.61,18.27,20.00,19.60,..,..,..,..,..,..,..,..,..,..,..,..,..
"....Negros Oriental","Corngrain [Maize] Yellow, matured",13.92,13.92,13.00,17.26,13.98,14.00,12.75,13.23,13.29,12.62,12.75,12.36,13.59,12.61,11.93,13.26,14.08,13.55,13.86,12.78,13.36,12.71,12.59,12.94,12.75,13.04,12.80,12.25,12.75,13.61,13.31,13.72,12.92,10.00,10.85,9.83,8.91,12.38,11.94,10.66,9.82,9.85,..,12.00,10.10,11.63,10.73,12.00,11.29,16.52,..,11.46,..,..,18.00,..,..,16.00,15.00,14.00,11.49,..,..,..,14.90,17.37,..,..,..,..,..,..,13.61,11.84,15.87,..,..,14.67,11.00,15.00,15.00,..,15.00,..,..,12.81,14.73,13.96,14.00,..,13.94,..,13.87,14.80,15.77,15.00,15.00,..,15.00,16.00,17.67,..,..,15.39,..,..,..,18.00,17.07,20.58,..,18.00,17.72,18.58,20.92,19.76,18.83,18.18,18.87,23.82,21.32,15.60,..,..,17.89,16.92,17.45,16.93,19.06,18.60,..,..,..,..,..,..,..,..,..,..,..,..,..
"....Negros Oriental","Green Corn (Maize, green), White",..,..,..,..,..,..,..,..,..,..,..,..,..,..,..,..,..,..,..,..,..,..,..,..,..,..,..,..,..,..,..,..,..,..,..,..,..,..,..,..,..,..,..,..,..,..,..,..,..,..,..,..,..,..,..,..,..,..,..,..,..,..,..,..,..,..,..,..,..,..,..,..,..,..,..,..,..,..,..,..,..,..,..,..,..,..,..,..,..,..,..,..,..,..,..,..,..,..,..,..,..,..,..,..,..,..,..,..,..,..,..,..,..,..,..,..,..,..,..,..,..,..,..,..,..,..,..,..,..,..,..,..,..,..,..,..,..,..,..,..,..,..,..
"....Negros Oriental","Green Corn (Maize, green), Yellow",..,..,..,..,..,..,..,..,..,..,..,..,..,..,..,..,..,..,..,..,..,..,..,..,..,..,..,..,..,..,..,..,..,..,..,..,..,..,..,..,..,..,..,..,..,..,..,..,..,..,..,..,..,..,..,..,..,..,..,..,..,..,..,..,..,..,..,..,..,..,..,..,..,..,..,..,..,..,..,..,..,..,..,..,..,..,..,..,..,..,..,..,..,..,..,..,..,..,..,..,..,..,..,..,..,..,..,..,..,..,..,..,..,..,..,..,..,..,..,..,..,..,..,..,..,..,..,..,..,..,..,..,..,..,..,..,..,..,..,..,..,..,..
"....Siquijor","Palay [Paddy] Fancy, dry (conv. to 14% mc)",..,..,..,..,..,..,..,..,..,..,..,..,..,..,..,..,..,..,..,..,..,..,..,..,..,..,..,..,..,..,..,..,..,..,..,..,..,..,..,..,..,..,..,..,..,..,..,..,..,..,..,..,..,..,..,..,..,..,..,..,..,..,..,..,..,..,..,..,..,..,..,..,..,..,..,..,..,..,..,..,..,..,..,..,..,..,..,..,..,..,..,..,..,..,..,..,..,..,..,..,..,..,..,..,..,..,..,..,..,..,..,..,..,..,..,..,..,..,..,..,..,..,..,..,..,..,..,..,..,..,..,..,..,..,..,..,..,..,..,..,..,..,..
"....Siquijor","Palay [Paddy] Other Variety, dry (conv. to 14% mc)",..,..,..,..,..,..,..,..,..,..,..,..,..,..,..,..,..,..,..,..,..,..,..,..,..,..,..,..,..,..,..,..,..,..,..,..,..,..,..,..,..,..,..,..,..,..,..,..,..,..,..,..,..,..,..,..,..,..,..,..,..,..,..,..,..,..,..,..,..,..,..,..,..,..,..,..,..,..,..,..,..,..,..,..,..,..,..,..,..,..,..,..,..,..,..,..,..,..,..,..,..,..,..,..,..,..,17.53,16.34,..,..,..,..,..,24.46,..,..,19.44,..,..,18.20,21.41,19.27,..,..,..,..,18.20,18.20,..,19.06,..,..,..,..,..,..,..,..,..,..,..,..,..
"....Siquijor","Corngrain [Maize] White, matured",..,..,..,..,..,..,..,..,..,..,..,..,..,..,..,..,..,..,..,..,..,..,..,..,..,..,..,..,..,..,..,..,..,..,..,..,..,..,..,..,..,..,..,..,..,..,..,..,..,..,..,..,..,..,..,..,..,..,..,..,..,..,..,..,..,..,..,..,..,..,..,..,..,..,..,..,..,..,..,..,..,..,..,..,..,..,..,..,..,..,..,..,..,..,..,..,..,..,..,..,..,..,..,..,..,..,..,..,..,..,..,..,..,..,..,..,..,..,..,..,..,..,..,..,50.00,..,..,..,..,50.00,..,..,..,..,..,..,..,..,..,..,..,..,..
"....Siquijor","Corngrain [Maize] Yellow, matured",..,..,..,..,..,..,..,..,..,..,..,..,..,..,..,..,..,..,..,..,..,..,..,..,..,..,..,..,..,..,..,..,..,..,..,..,..,..,..,..,..,..,..,..,..,..,..,..,..,..,..,..,..,..,..,..,..,..,..,..,..,..,..,..,..,..,..,..,..,..,..,..,..,..,..,..,..,..,..,..,..,..,..,..,..,..,..,..,..,..,..,..,..,..,..,..,..,..,..,..,..,..,..,..,..,..,..,..,..,..,..,..,..,..,..,..,..,..,..,..,..,..,..,..,..,..,..,..,..,..,..,..,..,..,..,..,..,..,..,..,..,..,..
"....Siquijor","Green Corn (Maize, green), White",..,..,..,..,..,..,..,..,..,..,..,..,..,..,..,..,..,..,..,..,..,..,..,..,..,..,..,..,..,..,..,..,..,..,..,..,..,..,..,..,..,..,..,..,..,..,..,..,..,..,..,..,..,..,..,..,..,..,..,..,..,..,..,..,..,..,..,..,..,..,..,..,..,..,..,..,..,..,..,..,..,..,..,..,..,..,..,..,..,..,..,..,..,..,..,..,..,..,..,..,..,..,..,..,..,..,..,..,..,..,..,..,..,..,..,..,..,..,..,..,..,..,..,..,..,..,..,..,..,..,..,..,..,..,..,..,..,..,..,..,..,..,..
"....Siquijor","Green Corn (Maize, green), Yellow",..,..,..,..,..,..,..,..,..,..,..,..,..,..,..,..,..,..,..,..,..,..,..,..,..,..,..,..,..,..,..,..,..,..,..,..,..,..,..,..,..,..,..,..,..,..,..,..,..,..,..,..,..,..,..,..,..,..,..,..,..,..,..,..,..,..,..,..,..,..,..,..,..,..,..,..,..,..,..,..,..,..,..,..,..,..,..,..,..,..,..,..,..,..,..,..,..,..,..,..,..,..,..,..,..,..,..,..,..,..,..,..,..,..,..,..,..,..,..,..,..,..,..,..,..,..,..,..,..,..,..,..,..,..,..,..,..,..,..,..,..,..,..
"..REGION VIII (EASTERN VISAYAS)","Palay [Paddy] Fancy, dry (conv. to 14% mc)",..,..,..,..,..,..,..,..,..,..,14.97,16.51,15.74,..,..,..,16.40,19.48,21.61,24.71,..,..,12.97,14.11,14.66,17.71,..,..,..,..,..,..,22.56,..,..,..,..,..,22.56,..,..,..,..,..,..,..,..,..,..,..,..,..,..,..,..,..,..,..,..,..,..,..,..,..,..,..,..,..,..,..,..,..,..,..,..,..,..,..,..,..,..,..,..,..,..,..,..,..,..,..,..,..,..,..,..,..,..,..,..,..,..,..,..,..,..,..,14.12,..,..,..,..,..,..,..,..,..,14.12,..,..,..,..,..,..,..,..,..,..,..,..,..,..,..,..,..,..,..,..,..,..,..,..,..,..
"..REGION VIII (EASTERN VISAYAS)","Palay [Paddy] Other Variety, dry (conv. to 14% mc)",17.43,17.32,16.58,16.79,16.46,16.83,16.51,18.31,17.49,17.44,18.01,17.76,17.24,17.77,17.70,16.73,16.01,15.81,16.44,18.09,17.12,16.72,16.40,16.77,17.75,16.94,17.47,16.63,15.94,16.39,16.71,17.62,19.32,18.61,18.66,17.18,17.36,17.59,17.46,21.07,18.97,17.07,16.54,17.16,19.39,18.55,19.11,17.46,16.75,17.41,15.68,17.93,21.16,18.57,18.61,17.69,18.60,18.21,19.31,18.65,22.46,19.59,19.90,21.29,19.50,22.70,20.80,16.52,15.73,15.92,16.77,14.99,15.61,16.45,16.57,16.77,16.74,17.13,16.39,16.82,15.60,15.91,16.14,17.23,17.13,15.46,16.31,14.16,15.24,16.05,16.04,16.63,15.21,15.25,14.74,15.76,17.06,19.81,17.62,15.82,14.98,15.61,15.60,16.17,18.20,15.12,15.22,15.35,15.33,18.20,18.20,15.26,15.87,15.51,15.99,16.10,16.20,18.70,19.01,16.49,16.09,17.51,17.62,17.47,18.04,18.57,18.45,18.88,21.81,18.22,19.31,23.20,..,..,..,..,..,..,..,..,..,..,..
"..REGION VIII (EASTERN VISAYAS)","Corngrain [Maize] White, matured",..,..,..,17.33,17.43,12.22,9.40,9.56,10.46,11.40,11.12,10.61,12.17,10.00,..,..,12.45,12.66,14.93,16.43,10.00,10.00,10.42,10.21,..,11.90,15.14,11.13,11.54,12.52,11.93,13.00,10.52,11.44,9.00,10.93,12.32,10.65,11.68,11.83,10.04,..,10.80,11.04,11.44,12.43,12.78,11.85,10.20,9.43,12.31,11.29,..,..,9.43,14.62,14.45,13.23,13.28,17.18,13.65,12.52,11.90,..,13.36,..,..,..,16.00,11.86,10.95,14.00,..,12.33,12.02,9.81,12.00,12.37,..,9.40,17.27,9.51,14.63,12.33,12.00,..,12.26,10.34,11.41,..,12.13,..,..,12.78,9.24,10.47,12.45,11.82,12.09,10.84,10.01,11.22,13.46,11.44,14.11,..,8.58,10.80,11.64,13.50,11.00,..,9.26,9.99,12.09,..,11.22,40.00,34.20,24.94,21.60,26.19,27.25,25.43,22.66,20.52,21.68,20.37,30.20,26.25,..,..,..,..,..,..,..,..,..,..,..,..,..
"..REGION VIII (EASTERN VISAYAS)","Corngrain [Maize] Yellow, matured",..,..,..,..,..,..,..,..,..,..,..,..,..,..,..,..,..,..,..,..,..,..,..,..,..,..,..,..,..,..,..,..,..,..,..,..,..,..,..,..,..,..,..,..,..,..,..,..,..,..,..,..,..,..,..,..,..,..,..,..,..,..,..,..,..,..,..,..,..,..,..,..,..,..,..,..,..,..,..,..,..,..,..,..,..,..,..,..,..,..,..,..,..,..,..,..,..,..,..,..,..,..,..,..,..,..,..,..,..,..,..,..,..,..,..,..,..,..,..,..,..,..,..,..,..,..,..,..,..,..,..,..,..,..,..,..,..,..,..,..,..,..,..
"..REGION VIII (EASTERN VISAYAS)","Green Corn (Maize, green), White",..,..,..,19.75,18.94,14.75,13.13,12.92,13.07,14.54,15.03,16.34,15.39,15.68,..,..,10.36,11.04,12.79,13.04,13.48,12.10,20.00,20.00,..,14.28,22.50,17.30,15.75,21.68,15.37,23.42,24.26,13.75,16.49,22.42,20.50,23.98,19.79,11.96,17.56,15.70,20.20,22.02,21.77,20.49,13.39,19.72,21.43,20.92,23.48,19.05,15.71,26.67,23.14,25.00,21.03,26.54,23.13,24.11,24.21,28.39,17.69,24.40,23.34,22.78,21.21,25.00,25.34,22.90,24.56,11.95,24.05,18.83,25.35,25.00,24.56,22.63,25.00,22.25,23.47,21.56,23.52,25.96,26.21,22.76,23.26,25.00,25.00,46.92,25.91,..,..,..,..,..,..,..,..,..,..,..,..,..,..,..,..,..,..,..,..,..,..,..,..,..,..,..,..,..,..,..,..,..,..,..,..,..,..,..,..,..,..,..,..,..,..,..,..,..,..,..,..
"..REGION VIII (EASTERN VISAYAS)","Green Corn (Maize, green), Yellow",..,..,..,..,..,..,..,..,..,..,..,..,..,..,..,..,..,..,..,..,..,..,..,..,..,..,..,..,..,..,..,..,..,..,..,..,..,..,..,..,..,..,..,..,..,..,..,..,..,..,..,..,..,..,..,..,..,..,..,..,..,..,..,..,..,..,..,..,..,..,..,..,..,..,..,..,..,..,..,..,..,..,..,..,..,..,..,..,..,..,..,..,..,..,..,..,..,..,..,..,..,..,..,..,..,..,..,..,..,..,..,..,..,..,..,..,..,..,..,..,..,..,..,..,..,..,..,..,..,..,..,..,..,..,..,..,..,..,..,..,..,..,..
"....Biliran","Palay [Paddy] Fancy, dry (conv. to 14% mc)",..,..,..,..,..,..,..,..,..,..,..,..,..,..,..,..,..,..,..,..,..,..,..,..,..,..,..,..,..,..,..,..,..,..,..,..,..,..,..,..,..,..,..,..,..,..,..,..,..,..,..,..,..,..,..,..,..,..,..,..,..,..,..,..,..,..,..,..,..,..,..,..,..,..,..,..,..,..,..,..,..,..,..,..,..,..,..,..,..,..,..,..,..,..,..,..,..,..,..,..,..,..,..,..,..,..,..,..,..,..,..,..,..,..,..,..,..,..,..,..,..,..,..,..,..,..,..,..,..,..,..,..,..,..,..,..,..,..,..,..,..,..,..
"....Biliran","Palay [Paddy] Other Variety, dry (conv. to 14% mc)",17.34,17.70,16.64,17.40,17.11,17.90,17.20,17.46,17.49,17.29,17.75,17.80,17.42,17.56,17.73,17.81,16.89,16.78,17.11,17.91,18.01,18.09,16.96,16.99,16.95,17.40,17.16,17.26,17.08,16.96,17.06,17.13,17.17,17.57,17.94,17.06,17.21,16.80,17.20,21.36,20.68,17.85,17.27,19.64,20.35,..,..,17.93,18.00,18.21,..,19.03,..,18.55,19.68,19.20,20.50,..,..,16.80,21.88,21.12,20.04,19.79,19.73,..,..,21.13,17.41,17.75,19.14,..,..,15.77,17.92,17.31,17.21,17.96,..,..,16.47,17.29,17.79,..,..,..,17.39,16.62,16.82,..,17.06,..,..,18.10,17.27,17.15,..,..,..,17.84,15.50,..,..,17.17,..,..,16.50,17.27,16.10,..,..,..,17.46,16.50,14.97,..,16.47,..,..,17.51,15.90,17.77,17.85,..,..,19.43,18.42,18.37,..,17.89,..,..,..,..,..,..,..,..,..,..,..,..,..
"....Biliran","Corngrain [Maize] White, matured",..,..,..,..,..,..,..,..,..,..,..,..,..,..,..,..,..,..,..,..,..,..,..,..,..,..,..,..,..,..,..,..,..,..,..,..,..,..,..,..,..,..,..,..,..,..,..,..,..,..,..,..,..,..,..,..,..,..,..,..,..,..,..,..,..,..,..,..,..,..,..,..,..,..,..,..,..,..,..,..,..,..,..,..,..,..,..,..,..,..,..,..,..,..,..,..,..,..,..,..,..,..,..,..,..,..,..,..,..,..,..,..,..,..,..,..,..,..,29.23,28.89,30.00,30.00,32.07,30.78,31.96,33.83,34.65,33.40,35.00,31.80,..,..,..,..,..,..,..,..,..,..,..,..,..
"....Biliran","Corngrain [Maize] Yellow, matured",..,..,..,..,..,..,..,..,..,..,..,..,..,..,..,..,..,..,..,..,..,..,..,..,..,..,..,..,..,..,..,..,..,..,..,..,..,..,..,..,..,..,..,..,..,..,..,..,..,..,..,..,..,..,..,..,..,..,..,..,..,..,..,..,..,..,..,..,..,..,..,..,..,..,..,..,..,..,..,..,..,..,..,..,..,..,..,..,..,..,..,..,..,..,..,..,..,..,..,..,..,..,..,..,..,..,..,..,..,..,..,..,..,..,..,..,..,..,..,..,..,..,..,..,..,..,..,..,..,..,..,..,..,..,..,..,..,..,..,..,..,..,..
"....Biliran","Green Corn (Maize, green), White",..,..,..,..,..,..,..,..,..,..,..,..,..,..,..,..,..,..,..,..,..,..,..,..,..,..,..,..,..,..,..,..,..,..,..,..,..,..,..,..,..,..,..,..,..,..,..,..,..,..,..,..,..,..,..,..,..,..,..,..,..,..,..,..,..,..,..,..,..,..,..,..,..,..,..,..,..,..,..,..,..,..,..,..,..,..,..,..,..,..,..,..,..,..,..,..,..,..,..,..,..,..,..,..,..,..,..,..,..,..,..,..,..,..,..,..,..,..,..,..,..,..,..,..,..,..,..,..,..,..,..,..,..,..,..,..,..,..,..,..,..,..,..
"....Biliran","Green Corn (Maize, green), Yellow",..,..,..,..,..,..,..,..,..,..,..,..,..,..,..,..,..,..,..,..,..,..,..,..,..,..,..,..,..,..,..,..,..,..,..,..,..,..,..,..,..,..,..,..,..,..,..,..,..,..,..,..,..,..,..,..,..,..,..,..,..,..,..,..,..,..,..,..,..,..,..,..,..,..,..,..,..,..,..,..,..,..,..,..,..,..,..,..,..,..,..,..,..,..,..,..,..,..,..,..,..,..,..,..,..,..,..,..,..,..,..,..,..,..,..,..,..,..,..,..,..,..,..,..,..,..,..,..,..,..,..,..,..,..,..,..,..,..,..,..,..,..,..
"....Eastern Samar","Palay [Paddy] Fancy, dry (conv. to 14% mc)",..,..,..,..,..,..,..,..,..,..,14.97,16.51,15.74,..,..,..,16.40,19.48,21.61,24.71,..,..,12.97,14.11,14.66,17.71,..,..,..,..,..,..,22.56,..,..,..,..,..,22.56,..,..,..,..,..,..,..,..,..,..,..,..,..,..,..,..,..,..,..,..,..,..,..,..,..,..,..,..,..,..,..,..,..,..,..,..,..,..,..,..,..,..,..,..,..,..,..,..,..,..,..,..,..,..,..,..,..,..,..,..,..,..,..,..,..,..,..,..,..,..,..,..,..,..,..,..,..,..,..,..,..,..,..,..,..,..,..,..,..,..,..,..,..,..,..,..,..,..,..,..,..,..,..,..
"....Eastern Samar","Palay [Paddy] Other Variety, dry (conv. to 14% mc)",..,..,..,..,..,..,14.65,..,..,..,..,..,14.65,..,..,..,..,..,..,..,..,..,..,..,..,..,..,..,..,..,..,..,22.04,..,..,..,..,..,22.04,..,..,..,..,..,..,..,..,..,..,..,13.77,13.77,..,..,15.73,16.16,..,..,..,..,..,14.98,..,..,15.62,..,..,14.58,12.45,..,16.69,..,..,..,14.09,18.15,..,15.19,..,..,15.69,15.58,..,..,..,..,..,13.36,13.56,..,14.55,..,..,12.75,12.59,..,..,..,..,13.36,15.01,..,..,13.43,..,..,14.39,14.52,..,..,..,..,..,15.17,15.20,..,14.82,..,..,14.62,15.08,..,..,..,..,..,13.26,..,..,14.32,..,..,..,..,..,..,..,..,..,..,..,..,..
"....Eastern Samar","Corngrain [Maize] White, matured",..,..,..,..,..,..,..,..,..,..,..,..,..,..,..,..,..,..,..,..,..,..,..,..,..,..,..,..,..,..,..,..,..,..,..,..,..,..,..,..,..,..,..,..,..,..,..,..,..,..,..,..,..,..,..,..,..,..,..,..,..,..,..,..,..,..,..,..,..,..,..,..,..,..,..,..,..,..,..,..,..,..,..,..,..,..,..,..,..,..,..,..,..,..,..,..,..,..,..,..,..,..,..,..,..,..,..,..,..,..,..,..,..,..,..,..,..,..,..,..,..,47.75,43.34,49.64,..,..,..,..,..,46.91,..,..,..,..,..,..,..,..,..,..,..,..,..
"....Eastern Samar","Corngrain [Maize] Yellow, matured",..,..,..,..,..,..,..,..,..,..,..,..,..,..,..,..,..,..,..,..,..,..,..,..,..,..,..,..,..,..,..,..,..,..,..,..,..,..,..,..,..,..,..,..,..,..,..,..,..,..,..,..,..,..,..,..,..,..,..,..,..,..,..,..,..,..,..,..,..,..,..,..,..,..,..,..,..,..,..,..,..,..,..,..,..,..,..,..,..,..,..,..,..,..,..,..,..,..,..,..,..,..,..,..,..,..,..,..,..,..,..,..,..,..,..,..,..,..,..,..,..,..,..,..,..,..,..,..,..,..,..,..,..,..,..,..,..,..,..,..,..,..,..
"....Eastern Samar","Green Corn (Maize, green), White",..,..,..,..,..,..,..,..,..,..,..,..,..,..,..,..,..,..,..,..,..,..,..,..,..,..,..,..,..,..,..,..,..,..,..,..,..,..,..,..,..,..,..,..,..,..,..,..,..,..,..,..,..,..,..,..,..,..,..,..,..,..,..,..,..,..,..,..,..,..,..,..,..,..,..,..,..,..,..,..,..,..,..,..,..,..,..,..,..,..,..,..,..,..,..,..,..,..,..,..,..,..,..,..,..,..,..,..,..,..,..,..,..,..,..,..,..,..,..,..,..,..,..,..,..,..,..,..,..,..,..,..,..,..,..,..,..,..,..,..,..,..,..
"....Eastern Samar","Green Corn (Maize, green), Yellow",..,..,..,..,..,..,..,..,..,..,..,..,..,..,..,..,..,..,..,..,..,..,..,..,..,..,..,..,..,..,..,..,..,..,..,..,..,..,..,..,..,..,..,..,..,..,..,..,..,..,..,..,..,..,..,..,..,..,..,..,..,..,..,..,..,..,..,..,..,..,..,..,..,..,..,..,..,..,..,..,..,..,..,..,..,..,..,..,..,..,..,..,..,..,..,..,..,..,..,..,..,..,..,..,..,..,..,..,..,..,..,..,..,..,..,..,..,..,..,..,..,..,..,..,..,..,..,..,..,..,..,..,..,..,..,..,..,..,..,..,..,..,..
"....Leyte","Palay [Paddy] Fancy, dry (conv. to 14% mc)",..,..,..,..,..,..,..,..,..,..,..,..,..,..,..,..,..,..,..,..,..,..,..,..,..,..,..,..,..,..,..,..,..,..,..,..,..,..,..,..,..,..,..,..,..,..,..,..,..,..,..,..,..,..,..,..,..,..,..,..,..,..,..,..,..,..,..,..,..,..,..,..,..,..,..,..,..,..,..,..,..,..,..,..,..,..,..,..,..,..,..,..,..,..,..,..,..,..,..,..,..,..,..,..,..,..,..,..,..,..,..,..,..,..,..,..,..,..,..,..,..,..,..,..,..,..,..,..,..,..,..,..,..,..,..,..,..,..,..,..,..,..,..
"....Leyte","Palay [Paddy] Other Variety, dry (conv. to 14% mc)",..,..,..,16.26,15.47,..,..,..,..,17.64,17.70,17.71,16.96,..,..,16.78,16.03,15.87,..,..,..,..,16.64,..,..,16.33,..,..,15.91,19.15,17.80,..,..,..,20.48,17.95,17.73,..,18.17,..,..,17.78,18.16,17.87,..,..,..,15.80,18.75,18.44,..,17.80,..,..,20.68,19.07,18.49,..,..,..,22.58,21.15,20.19,..,20.36,..,..,17.56,18.34,18.78,..,..,..,16.93,19.39,17.40,..,18.07,..,..,15.89,16.06,16.32,..,..,..,17.38,12.92,17.72,..,16.05,..,..,15.40,15.06,14.99,..,..,..,..,15.55,14.20,14.06,14.88,..,..,15.39,15.18,15.76,..,..,15.59,16.29,16.34,19.34,..,16.27,..,..,17.69,16.38,18.20,..,..,..,19.64,20.90,21.70,23.27,19.68,..,26.20,..,..,..,..,..,..,..,..,..,..,..
"....Leyte","Corngrain [Maize] White, matured",..,..,..,17.33,17.43,14.44,9.40,9.56,10.92,12.79,11.59,10.57,12.67,10.00,..,..,12.45,12.32,16.85,16.43,..,..,10.83,10.42,..,12.76,20.00,..,..,..,12.92,14.66,..,10.00,..,11.86,13.98,11.28,13.53,..,..,..,13.16,12.21,13.31,13.23,12.78,14.00,10.22,10.41,15.00,12.70,..,..,..,20.83,19.37,17.82,17.77,17.18,18.46,15.25,14.84,..,17.69,..,..,..,16.00,13.80,13.29,14.00,..,15.81,15.23,11.06,12.00,13.90,..,..,25.00,..,20.50,12.33,12.00,..,16.24,12.00,13.91,..,16.00,..,..,10.01,9.50,12.50,12.45,11.82,12.09,13.12,11.90,13.77,13.46,12.06,14.11,..,..,11.75,13.05,13.50,11.00,..,8.84,11.14,14.13,..,12.19,..,..,..,15.00,15.00,11.00,11.00,11.00,15.00,19.18,16.87,..,14.26,..,..,..,..,..,..,..,..,..,..,..,..,..
"....Leyte","Corngrain [Maize] Yellow, matured",..,..,..,..,..,..,..,..,..,..,..,..,..,..,..,..,..,..,..,..,..,..,..,..,..,..,..,..,..,..,..,..,..,..,..,..,..,..,..,..,..,..,..,..,..,..,..,..,..,..,..,..,..,..,..,..,..,..,..,..,..,..,..,..,..,..,..,..,..,..,..,..,..,..,..,..,..,..,..,..,..,..,..,..,..,..,..,..,..,..,..,..,..,..,..,..,..,..,..,..,..,..,..,..,..,..,..,..,..,..,..,..,..,..,..,..,..,..,..,..,..,..,..,..,..,..,..,..,..,..,..,..,..,..,..,..,..,..,..,..,..,..,..
"....Leyte","Green Corn (Maize, green), White",..,..,..,19.75,18.94,14.75,13.13,12.92,13.07,14.54,15.03,16.34,15.39,15.68,..,..,10.36,11.04,12.79,13.04,13.48,12.10,20.00,20.00,..,14.28,22.50,17.30,15.75,21.68,15.37,23.42,24.26,13.75,16.49,22.42,20.50,23.98,19.79,11.96,17.56,15.70,20.20,22.02,21.77,20.49,13.39,19.72,21.43,20.92,23.48,19.05,15.71,26.67,23.14,25.00,21.03,26.54,23.13,24.11,24.21,28.39,17.69,24.40,23.34,22.78,21.21,25.00,25.34,22.90,24.56,11.95,24.05,18.83,25.35,25.00,24.56,22.63,25.00,22.25,23.47,21.56,23.52,25.96,26.21,22.76,23.26,25.00,25.00,46.92,25.91,..,..,..,..,..,..,..,..,..,..,..,..,..,..,..,..,..,..,..,..,..,..,..,..,..,..,..,..,..,..,..,..,..,..,..,..,..,..,..,..,..,..,..,..,..,..,..,..,..,..,..,..
"....Leyte","Green Corn (Maize, green), Yellow",..,..,..,..,..,..,..,..,..,..,..,..,..,..,..,..,..,..,..,..,..,..,..,..,..,..,..,..,..,..,..,..,..,..,..,..,..,..,..,..,..,..,..,..,..,..,..,..,..,..,..,..,..,..,..,..,..,..,..,..,..,..,..,..,..,..,..,..,..,..,..,..,..,..,..,..,..,..,..,..,..,..,..,..,..,..,..,..,..,..,..,..,..,..,..,..,..,..,..,..,..,..,..,..,..,..,..,..,..,..,..,..,..,..,..,..,..,..,..,..,..,..,..,..,..,..,..,..,..,..,..,..,..,..,..,..,..,..,..,..,..,..,..
"....Northern Samar","Palay [Paddy] Fancy, dry (conv. to 14% mc)",..,..,..,..,..,..,..,..,..,..,..,..,..,..,..,..,..,..,..,..,..,..,..,..,..,..,..,..,..,..,..,..,..,..,..,..,..,..,..,..,..,..,..,..,..,..,..,..,..,..,..,..,..,..,..,..,..,..,..,..,..,..,..,..,..,..,..,..,..,..,..,..,..,..,..,..,..,..,..,..,..,..,..,..,..,..,..,..,..,..,..,..,..,..,..,..,..,..,..,..,..,..,..,..,..,..,..,..,..,..,..,..,..,..,..,..,..,..,..,..,..,..,..,..,..,..,..,..,..,..,..,..,..,..,..,..,..,..,..,..,..,..,..
"....Northern Samar","Palay [Paddy] Other Variety, dry (conv. to 14% mc)",..,17.99,18.06,18.95,19.05,..,..,..,..,19.08,19.19,..,18.72,..,..,15.04,16.56,16.55,..,..,..,..,..,..,..,16.05,..,..,15.34,14.38,14.87,..,..,..,..,..,..,..,14.86,..,..,14.79,15.01,14.43,..,..,..,..,14.34,..,..,14.64,..,16.15,17.05,17.34,17.42,17.59,..,..,..,..,..,..,17.11,..,..,15.54,16.26,16.28,16.52,..,..,..,..,..,..,16.15,..,..,14.82,15.28,13.51,..,..,..,..,..,..,..,14.54,..,12.88,14.01,12.04,16.11,..,..,..,..,14.36,14.93,..,14.06,..,..,14.42,14.94,14.99,..,..,14.83,15.74,14.65,..,..,14.93,..,..,15.85,15.85,..,16.07,..,14.99,15.46,17.77,..,..,16.00,..,..,..,..,..,..,..,..,..,..,..,..,..
"....Northern Samar","Corngrain [Maize] White, matured",..,..,..,..,..,..,..,..,..,..,..,..,..,..,..,..,..,..,..,..,..,..,..,..,..,..,..,..,..,..,..,..,..,..,..,..,..,..,..,..,..,..,..,..,..,..,..,..,..,..,..,..,..,..,..,..,..,..,..,..,..,..,..,..,..,..,..,..,..,..,..,..,..,..,..,..,..,..,..,..,..,..,..,..,..,..,..,..,..,..,..,..,..,..,..,..,..,..,..,..,..,..,..,..,..,..,..,..,..,..,..,..,..,..,..,..,..,..,..,..,..,..,..,..,..,..,..,..,..,..,..,..,..,..,..,..,..,..,..,..,..,..,..
"....Northern Samar","Corngrain [Maize] Yellow, matured",..,..,..,..,..,..,..,..,..,..,..,..,..,..,..,..,..,..,..,..,..,..,..,..,..,..,..,..,..,..,..,..,..,..,..,..,..,..,..,..,..,..,..,..,..,..,..,..,..,..,..,..,..,..,..,..,..,..,..,..,..,..,..,..,..,..,..,..,..,..,..,..,..,..,..,..,..,..,..,..,..,..,..,..,..,..,..,..,..,..,..,..,..,..,..,..,..,..,..,..,..,..,..,..,..,..,..,..,..,..,..,..,..,..,..,..,..,..,..,..,..,..,..,..,..,..,..,..,..,..,..,..,..,..,..,..,..,..,..,..,..,..,..
"....Northern Samar","Green Corn (Maize, green), White",..,..,..,..,..,..,..,..,..,..,..,..,..,..,..,..,..,..,..,..,..,..,..,..,..,..,..,..,..,..,..,..,..,..,..,..,..,..,..,..,..,..,..,..,..,..,..,..,..,..,..,..,..,..,..,..,..,..,..,..,..,..,..,..,..,..,..,..,..,..,..,..,..,..,..,..,..,..,..,..,..,..,..,..,..,..,..,..,..,..,..,..,..,..,..,..,..,..,..,..,..,..,..,..,..,..,..,..,..,..,..,..,..,..,..,..,..,..,..,..,..,..,..,..,..,..,..,..,..,..,..,..,..,..,..,..,..,..,..,..,..,..,..
"....Northern Samar","Green Corn (Maize, green), Yellow",..,..,..,..,..,..,..,..,..,..,..,..,..,..,..,..,..,..,..,..,..,..,..,..,..,..,..,..,..,..,..,..,..,..,..,..,..,..,..,..,..,..,..,..,..,..,..,..,..,..,..,..,..,..,..,..,..,..,..,..,..,..,..,..,..,..,..,..,..,..,..,..,..,..,..,..,..,..,..,..,..,..,..,..,..,..,..,..,..,..,..,..,..,..,..,..,..,..,..,..,..,..,..,..,..,..,..,..,..,..,..,..,..,..,..,..,..,..,..,..,..,..,..,..,..,..,..,..,..,..,..,..,..,..,..,..,..,..,..,..,..,..,..
"....Samar","Palay [Paddy] Fancy, dry (conv. to 14% mc)",..,..,..,..,..,..,..,..,..,..,..,..,..,..,..,..,..,..,..,..,..,..,..,..,..,..,..,..,..,..,..,..,..,..,..,..,..,..,..,..,..,..,..,..,..,..,..,..,..,..,..,..,..,..,..,..,..,..,..,..,..,..,..,..,..,..,..,..,..,..,..,..,..,..,..,..,..,..,..,..,..,..,..,..,..,..,..,..,..,..,..,..,..,..,..,..,..,..,..,..,..,..,..,..,..,..,14.12,..,..,..,..,..,..,..,..,..,14.12,..,..,..,..,..,..,..,..,..,..,..,..,..,..,..,..,..,..,..,..,..,..,..,..,..,..
"....Samar","Palay [Paddy] Other Variety, dry (conv. to 14% mc)",..,15.72,14.33,14.55,14.29,14.74,..,..,15.36,15.67,15.83,15.83,15.15,15.79,15.57,16.36,15.28,14.88,15.03,..,17.24,15.73,15.73,15.73,..,15.73,..,15.55,14.84,14.65,16.12,..,..,..,16.68,15.36,15.54,16.21,15.62,..,..,16.05,14.36,15.01,..,..,..,16.77,15.22,16.35,16.25,15.72,..,17.27,19.14,16.18,18.41,18.91,..,..,20.70,17.81,16.74,..,18.15,..,..,15.44,15.76,15.85,..,..,..,16.24,15.62,14.56,..,15.58,..,17.41,14.52,15.64,16.52,..,..,..,14.29,12.28,11.79,..,14.64,..,15.60,15.47,14.39,14.33,..,..,..,15.51,14.26,14.64,..,14.89,..,..,14.12,14.17,14.37,..,..,..,14.57,13.74,13.64,..,14.10,..,..,15.03,15.26,15.46,..,14.70,..,15.50,17.75,15.13,..,15.55,16.61,17.59,..,..,..,..,..,..,..,..,..,..,..
"....Samar","Corngrain [Maize] White, matured",..,..,..,..,..,10.00,..,..,10.00,10.00,10.64,10.64,10.26,..,..,..,..,13.00,13.00,..,10.00,10.00,10.00,10.00,..,11.00,10.28,11.13,11.54,12.52,10.93,11.34,10.52,12.88,9.00,10.00,10.66,10.01,10.90,11.83,10.04,..,8.43,9.86,9.56,11.63,..,9.70,10.18,8.44,9.62,9.93,..,..,9.43,8.40,9.52,8.64,8.78,..,8.83,9.79,8.96,..,9.04,..,..,..,..,9.91,8.60,..,..,8.84,8.81,8.56,..,8.94,..,9.40,9.53,9.51,8.76,..,..,..,8.28,8.68,8.91,..,9.01,..,..,15.55,8.97,8.44,..,..,..,8.56,8.11,8.66,..,9.72,..,..,8.58,9.85,10.22,..,..,..,9.67,8.84,10.04,..,9.53,..,..,8.66,8.74,9.00,..,10.00,..,9.00,8.62,8.61,..,8.95,..,..,..,..,..,..,..,..,..,..,..,..,..
"....Samar","Corngrain [Maize] Yellow, matured",..,..,..,..,..,..,..,..,..,..,..,..,..,..,..,..,..,..,..,..,..,..,..,..,..,..,..,..,..,..,..,..,..,..,..,..,..,..,..,..,..,..,..,..,..,..,..,..,..,..,..,..,..,..,..,..,..,..,..,..,..,..,..,..,..,..,..,..,..,..,..,..,..,..,..,..,..,..,..,..,..,..,..,..,..,..,..,..,..,..,..,..,..,..,..,..,..,..,..,..,..,..,..,..,..,..,..,..,..,..,..,..,..,..,..,..,..,..,..,..,..,..,..,..,..,..,..,..,..,..,..,..,..,..,..,..,..,..,..,..,..,..,..
"....Samar","Green Corn (Maize, green), White",..,..,..,..,..,..,..,..,..,..,..,..,..,..,..,..,..,..,..,..,..,..,..,..,..,..,..,..,..,..,..,..,..,..,..,..,..,..,..,..,..,..,..,..,..,..,..,..,..,..,..,..,..,..,..,..,..,..,..,..,..,..,..,..,..,..,..,..,..,..,..,..,..,..,..,..,..,..,..,..,..,..,..,..,..,..,..,..,..,..,..,..,..,..,..,..,..,..,..,..,..,..,..,..,..,..,..,..,..,..,..,..,..,..,..,..,..,..,..,..,..,..,..,..,..,..,..,..,..,..,..,..,..,..,..,..,..,..,..,..,..,..,..
"....Samar","Green Corn (Maize, green), Yellow",..,..,..,..,..,..,..,..,..,..,..,..,..,..,..,..,..,..,..,..,..,..,..,..,..,..,..,..,..,..,..,..,..,..,..,..,..,..,..,..,..,..,..,..,..,..,..,..,..,..,..,..,..,..,..,..,..,..,..,..,..,..,..,..,..,..,..,..,..,..,..,..,..,..,..,..,..,..,..,..,..,..,..,..,..,..,..,..,..,..,..,..,..,..,..,..,..,..,..,..,..,..,..,..,..,..,..,..,..,..,..,..,..,..,..,..,..,..,..,..,..,..,..,..,..,..,..,..,..,..,..,..,..,..,..,..,..,..,..,..,..,..,..
"....Southern Leyte","Palay [Paddy] Fancy, dry (conv. to 14% mc)",..,..,..,..,..,..,..,..,..,..,..,..,..,..,..,..,..,..,..,..,..,..,..,..,..,..,..,..,..,..,..,..,..,..,..,..,..,..,..,..,..,..,..,..,..,..,..,..,..,..,..,..,..,..,..,..,..,..,..,..,..,..,..,..,..,..,..,..,..,..,..,..,..,..,..,..,..,..,..,..,..,..,..,..,..,..,..,..,..,..,..,..,..,..,..,..,..,..,..,..,..,..,..,..,..,..,..,..,..,..,..,..,..,..,..,..,..,..,..,..,..,..,..,..,..,..,..,..,..,..,..,..,..,..,..,..,..,..,..,..,..,..,..
"....Southern Leyte","Palay [Paddy] Other Variety, dry (conv. to 14% mc)",17.51,17.85,17.29,16.78,16.40,17.86,17.69,19.16,19.62,17.54,19.57,19.71,18.08,19.95,19.81,17.68,15.28,14.96,17.17,18.26,16.10,16.35,16.27,17.58,18.55,17.33,17.77,17.08,16.54,16.81,17.70,18.10,18.76,19.64,19.53,18.35,18.97,19.75,18.25,20.78,17.25,18.90,17.89,18.84,18.42,18.55,19.11,19.35,17.43,16.65,17.03,18.35,21.16,22.32,19.36,18.20,18.20,18.14,19.31,20.49,24.69,22.91,22.63,22.78,20.85,22.70,20.80,14.89,14.13,10.92,14.72,14.99,15.61,16.87,15.85,16.42,16.27,16.18,16.39,16.23,16.18,15.63,16.57,17.23,17.13,15.46,16.17,15.60,16.33,16.05,16.25,16.63,17.15,15.79,17.09,16.21,17.06,19.81,17.62,16.58,15.22,18.68,17.13,17.08,18.20,15.12,16.52,15.99,15.42,18.20,18.20,15.36,15.27,16.68,16.81,16.10,16.49,18.70,19.01,18.21,18.04,18.62,18.94,20.24,21.09,22.81,22.60,20.33,20.34,19.91,22.00,25.80,..,..,..,..,..,..,..,..,..,..,..
"....Southern Leyte","Corngrain [Maize] White, matured",..,..,..,..,..,..,..,..,..,..,..,..,..,..,..,..,..,..,..,..,..,..,..,..,..,..,..,..,..,..,..,..,..,..,..,..,..,..,..,..,..,..,..,..,..,..,..,..,..,..,..,..,..,..,..,..,..,..,..,..,..,..,..,..,..,..,..,..,..,..,..,..,..,..,..,..,..,..,..,..,..,..,..,..,..,..,..,..,..,..,..,..,..,..,..,..,..,..,..,..,..,..,..,..,..,..,..,..,..,..,..,..,..,..,..,..,..,40.00,39.17,37.26,32.67,29.18,22.60,25.72,25.01,24.25,24.27,22.61,25.39,29.01,..,..,..,..,..,..,..,..,..,..,..,..,..
"....Southern Leyte","Corngrain [Maize] Yellow, matured",..,..,..,..,..,..,..,..,..,..,..,..,..,..,..,..,..,..,..,..,..,..,..,..,..,..,..,..,..,..,..,..,..,..,..,..,..,..,..,..,..,..,..,..,..,..,..,..,..,..,..,..,..,..,..,..,..,..,..,..,..,..,..,..,..,..,..,..,..,..,..,..,..,..,..,..,..,..,..,..,..,..,..,..,..,..,..,..,..,..,..,..,..,..,..,..,..,..,..,..,..,..,..,..,..,..,..,..,..,..,..,..,..,..,..,..,..,..,..,..,..,..,..,..,..,..,..,..,..,..,..,..,..,..,..,..,..,..,..,..,..,..,..
"....Southern Leyte","Green Corn (Maize, green), White",..,..,..,..,..,..,..,..,..,..,..,..,..,..,..,..,..,..,..,..,..,..,..,..,..,..,..,..,..,..,..,..,..,..,..,..,..,..,..,..,..,..,..,..,..,..,..,..,..,..,..,..,..,..,..,..,..,..,..,..,..,..,..,..,..,..,..,..,..,..,..,..,..,..,..,..,..,..,..,..,..,..,..,..,..,..,..,..,..,..,..,..,..,..,..,..,..,..,..,..,..,..,..,..,..,..,..,..,..,..,..,..,..,..,..,..,..,..,..,..,..,..,..,..,..,..,..,..,..,..,..,..,..,..,..,..,..,..,..,..,..,..,..
"....Southern Leyte","Green Corn (Maize, green), Yellow",..,..,..,..,..,..,..,..,..,..,..,..,..,..,..,..,..,..,..,..,..,..,..,..,..,..,..,..,..,..,..,..,..,..,..,..,..,..,..,..,..,..,..,..,..,..,..,..,..,..,..,..,..,..,..,..,..,..,..,..,..,..,..,..,..,..,..,..,..,..,..,..,..,..,..,..,..,..,..,..,..,..,..,..,..,..,..,..,..,..,..,..,..,..,..,..,..,..,..,..,..,..,..,..,..,..,..,..,..,..,..,..,..,..,..,..,..,..,..,..,..,..,..,..,..,..,..,..,..,..,..,..,..,..,..,..,..,..,..,..,..,..,..
"..REGION IX (ZAMBOANGA PENINSULA)","Palay [Paddy] Fancy, dry (conv. to 14% mc)",..,..,..,..,..,..,..,..,..,..,..,..,..,..,..,..,..,..,..,..,..,..,..,..,..,..,..,..,..,..,..,..,..,..,..,..,..,..,..,..,..,..,..,..,..,..,..,..,..,..,..,..,..,..,..,..,..,..,..,..,..,..,..,..,..,..,..,..,..,..,..,..,..,..,..,..,..,..,..,..,..,..,..,..,..,..,..,..,..,..,..,..,..,..,..,..,..,..,..,..,..,..,..,..,..,..,..,..,..,..,..,..,..,..,..,..,..,..,..,..,..,..,..,..,..,..,..,..,..,..,..,..,..,..,..,..,..,..,..,..,..,..,..
"..REGION IX (ZAMBOANGA PENINSULA)","Palay [Paddy] Other Variety, dry (conv. to 14% mc)",18.15,19.01,18.95,19.10,19.88,19.35,19.86,20.03,19.11,18.18,17.74,17.62,18.92,17.13,17.45,17.20,17.87,17.84,17.89,18.21,18.26,18.39,17.11,17.05,16.63,17.59,17.32,19.13,18.98,19.06,18.80,18.98,19.46,18.85,18.18,16.92,16.31,17.68,18.31,17.95,18.17,18.61,18.51,19.19,20.79,19.05,18.97,18.03,17.57,18.35,18.42,18.63,18.72,19.39,20.09,21.03,21.06,20.50,21.48,22.75,21.63,19.82,18.80,19.76,20.42,19.71,19.59,19.82,20.47,19.91,20.07,18.55,17.66,15.75,13.26,12.64,14.38,17.65,14.94,15.27,16.65,17.60,18.64,18.02,18.42,18.25,15.11,14.01,14.49,15.05,16.37,15.09,15.28,16.12,16.80,16.49,17.61,16.25,16.11,15.81,15.65,15.91,15.91,16.09,16.18,17.93,17.96,17.59,17.67,17.35,18.25,16.65,17.12,17.54,17.95,16.90,17.42,17.60,17.96,18.61,18.75,19.63,19.48,19.19,20.89,20.13,21.26,21.91,22.09,19.79,23.37,24.90,..,..,..,..,..,..,..,..,..,..,..
"..REGION IX (ZAMBOANGA PENINSULA)","Corngrain [Maize] White, matured",14.62,14.59,15.18,15.61,16.43,15.97,14.92,12.95,12.39,12.92,12.58,12.83,14.25,11.54,11.29,12.44,12.77,14.43,14.20,13.29,12.55,12.40,12.24,12.23,12.26,12.64,12.41,13.23,14.04,14.42,14.56,15.02,14.25,11.21,11.96,10.42,10.06,10.48,12.67,9.20,10.77,11.18,11.77,10.56,11.95,12.40,12.79,12.59,13.29,15.50,12.58,12.05,14.22,14.90,15.42,15.73,15.46,14.86,14.39,13.01,13.16,12.67,12.68,12.44,14.08,12.58,12.40,12.45,14.22,15.05,14.91,14.82,12.42,11.33,9.76,9.23,9.88,12.42,11.60,10.73,10.86,12.95,12.96,13.06,12.04,10.95,10.12,10.34,11.19,11.68,11.54,11.01,10.91,11.55,12.31,13.11,14.40,14.21,13.45,13.61,13.76,14.11,14.22,13.05,14.32,14.80,15.32,15.93,16.41,15.69,17.01,16.43,17.04,17.40,17.39,17.15,16.24,17.78,16.87,17.23,17.72,17.53,17.90,17.87,18.15,17.87,18.04,19.24,19.37,17.96,..,..,..,..,..,..,..,..,..,..,..,..,..
"..REGION IX (ZAMBOANGA PENINSULA)","Corngrain [Maize] Yellow, matured",11.81,11.79,11.78,12.52,13.44,14.18,12.55,10.00,11.23,12.07,11.75,12.25,12.11,11.74,11.25,11.63,11.60,12.46,11.40,11.36,10.70,10.78,11.33,10.88,11.62,11.40,11.94,12.05,13.77,13.20,13.40,12.99,12.79,13.10,13.52,12.65,13.42,11.00,12.82,11.64,11.84,12.24,12.44,12.28,12.29,11.26,10.70,10.16,10.60,10.87,7.00,11.11,11.00,14.00,15.00,15.00,..,..,12.73,12.47,13.27,14.00,15.00,16.00,13.85,14.00,13.68,..,..,..,..,13.00,12.03,12.38,6.50,8.00,9.07,11.08,7.82,10.73,10.35,11.75,11.84,13.91,12.78,12.91,12.33,10.58,11.60,13.15,11.65,11.44,12.13,10.95,12.31,12.20,11.76,12.13,13.22,12.36,12.74,12.26,12.27,12.15,12.65,14.89,14.45,15.61,17.57,14.44,16.53,15.52,15.19,14.56,14.02,15.16,15.05,15.57,16.51,15.63,15.70,16.39,16.93,16.91,17.67,17.27,17.25,17.18,17.30,16.69,..,..,..,..,..,..,..,..,..,..,..,..,..
"..REGION IX (ZAMBOANGA PENINSULA)","Green Corn (Maize, green), White",12.52,13.13,13.14,13.25,12.88,13.12,13.31,13.17,13.36,..,12.69,13.90,13.13,13.36,13.51,13.77,14.13,13.73,14.51,14.52,14.52,13.19,14.19,13.77,13.53,13.89,14.40,14.74,17.14,17.36,17.55,17.36,15.05,12.68,14.13,13.76,14.52,13.64,15.19,14.53,14.59,14.76,14.42,14.67,12.66,13.78,15.65,14.61,14.14,14.39,26.09,15.36,10.56,8.26,8.97,9.05,8.37,22.40,10.34,9.29,10.24,9.73,9.41,11.42,10.67,..,..,..,..,..,..,..,..,..,..,..,..,..,..,..,..,..,..,..,..,..,..,..,..,..,..,..,..,..,..,..,..,..,..,..,..,..,..,..,..,..,..,..,..,..,..,..,..,..,..,..,..,..,..,..,..,..,..,..,..,..,..,..,..,..,..,..,..,..,..,..,..,..,..,..,..,..,..
"..REGION IX (ZAMBOANGA PENINSULA)","Green Corn (Maize, green), Yellow",..,..,..,..,..,..,..,..,..,..,..,..,..,..,..,..,..,..,..,..,..,..,..,..,..,..,..,..,..,..,..,..,..,..,..,..,..,..,..,..,..,..,..,..,..,..,..,..,..,..,..,..,..,..,..,..,..,..,..,..,..,..,..,..,..,..,..,..,..,..,..,..,..,..,..,..,..,..,..,..,..,..,..,..,..,..,..,..,..,..,..,..,..,..,..,..,..,..,..,..,..,..,..,..,..,..,..,..,..,..,..,..,..,..,..,..,..,..,..,..,..,..,..,..,..,..,..,..,..,..,..,..,..,..,..,..,..,..,..,..,..,..,..
"....Zamboanga del Norte","Palay [Paddy] Fancy, dry (conv. to 14% mc)",..,..,..,..,..,..,..,..,..,..,..,..,..,..,..,..,..,..,..,..,..,..,..,..,..,..,..,..,..,..,..,..,..,..,..,..,..,..,..,..,..,..,..,..,..,..,..,..,..,..,..,..,..,..,..,..,..,..,..,..,..,..,..,..,..,..,..,..,..,..,..,..,..,..,..,..,..,..,..,..,..,..,..,..,..,..,..,..,..,..,..,..,..,..,..,..,..,..,..,..,..,..,..,..,..,..,..,..,..,..,..,..,..,..,..,..,..,..,..,..,..,..,..,..,..,..,..,..,..,..,..,..,..,..,..,..,..,..,..,..,..,..,..
"....Zamboanga del Norte","Palay [Paddy] Other Variety, dry (conv. to 14% mc)",17.13,19.00,19.44,19.47,21.58,20.49,21.61,21.34,19.02,17.53,17.29,18.65,19.38,16.65,16.41,15.46,18.21,17.66,17.85,18.53,18.20,18.71,17.03,17.81,17.77,17.52,16.86,18.79,18.64,20.01,18.42,17.47,17.56,17.73,18.18,16.64,14.64,18.22,17.76,17.44,17.79,17.90,18.37,19.79,20.54,18.95,20.82,20.13,18.69,19.71,19.35,19.12,19.19,19.77,20.56,22.17,21.02,20.34,21.55,19.65,20.60,19.17,18.37,18.95,20.11,19.21,19.08,19.30,20.32,19.77,20.79,17.97,20.09,14.32,14.36,12.98,13.61,17.65,14.31,14.77,15.85,16.38,19.43,19.37,19.64,19.62,15.93,14.50,14.96,15.27,16.67,15.38,14.02,14.88,14.41,15.51,18.44,15.92,15.77,16.37,15.67,14.69,15.42,15.54,15.11,19.64,18.02,16.48,15.50,15.59,18.38,16.17,16.32,16.83,17.46,16.91,16.87,17.26,16.97,17.60,19.21,19.98,20.24,20.19,22.32,21.04,21.86,23.15,22.87,20.22,24.72,25.76,..,..,..,..,..,..,..,..,..,..,..
"....Zamboanga del Norte","Corngrain [Maize] White, matured",16.48,15.90,17.77,18.99,19.44,16.39,17.26,13.11,11.05,14.17,13.04,13.35,15.58,10.29,10.51,14.19,14.41,16.41,15.78,14.94,14.73,15.00,13.46,13.63,14.08,13.95,12.30,14.30,15.36,15.64,15.34,16.48,14.25,10.35,11.53,7.96,8.72,10.13,12.70,6.73,9.06,10.36,13.27,8.93,10.67,12.52,12.78,14.04,14.79,17.72,15.91,12.23,14.88,19.50,17.56,17.78,16.65,17.78,15.63,11.22,12.59,11.50,12.26,12.61,15.00,12.32,12.34,11.53,14.98,15.70,15.74,15.75,12.02,8.49,12.05,9.48,9.23,12.47,10.11,10.23,11.75,14.20,12.28,14.20,12.85,9.97,8.67,9.54,9.83,10.61,11.19,10.50,11.55,12.65,12.44,14.72,17.58,16.96,14.59,16.04,15.31,15.82,15.70,14.49,14.46,15.80,15.71,16.84,17.17,16.51,17.77,17.73,18.64,20.71,20.09,20.51,17.66,20.51,17.11,18.81,18.05,19.52,20.59,19.91,18.88,18.94,19.29,20.25,20.65,19.38,..,..,..,..,..,..,..,..,..,..,..,..,..
"....Zamboanga del Norte","Corngrain [Maize] Yellow, matured",..,..,..,..,..,..,..,..,..,..,..,..,..,..,..,..,..,..,..,..,..,..,..,..,..,..,..,..,..,..,..,..,..,..,..,..,..,..,..,..,..,..,..,..,..,..,..,..,..,..,..,..,..,..,..,..,..,..,..,..,..,..,..,..,..,..,..,..,..,..,..,..,..,..,..,..,..,..,..,..,..,..,..,..,..,..,..,..,..,..,..,..,..,..,..,..,..,..,..,..,..,..,..,..,..,..,..,..,..,..,..,..,..,..,..,..,..,..,..,..,..,..,..,..,..,..,..,..,..,..,..,..,..,..,..,..,..,..,..,..,..,..,..
"....Zamboanga del Norte","Green Corn (Maize, green), White",..,..,..,..,..,..,..,..,..,..,..,..,..,..,..,..,..,..,..,..,..,..,..,..,..,..,..,..,..,..,..,..,..,..,..,..,..,..,..,..,..,..,..,..,..,..,..,..,..,..,..,..,..,..,..,..,..,..,..,..,..,..,..,..,..,..,..,..,..,..,..,..,..,..,..,..,..,..,..,..,..,..,..,..,..,..,..,..,..,..,..,..,..,..,..,..,..,..,..,..,..,..,..,..,..,..,..,..,..,..,..,..,..,..,..,..,..,..,..,..,..,..,..,..,..,..,..,..,..,..,..,..,..,..,..,..,..,..,..,..,..,..,..
"....Zamboanga del Norte","Green Corn (Maize, green), Yellow",..,..,..,..,..,..,..,..,..,..,..,..,..,..,..,..,..,..,..,..,..,..,..,..,..,..,..,..,..,..,..,..,..,..,..,..,..,..,..,..,..,..,..,..,..,..,..,..,..,..,..,..,..,..,..,..,..,..,..,..,..,..,..,..,..,..,..,..,..,..,..,..,..,..,..,..,..,..,..,..,..,..,..,..,..,..,..,..,..,..,..,..,..,..,..,..,..,..,..,..,..,..,..,..,..,..,..,..,..,..,..,..,..,..,..,..,..,..,..,..,..,..,..,..,..,..,..,..,..,..,..,..,..,..,..,..,..,..,..,..,..,..,..
"....Zamboanga del Sur","Palay [Paddy] Fancy, dry (conv. to 14% mc)",..,..,..,..,..,..,..,..,..,..,..,..,..,..,..,..,..,..,..,..,..,..,..,..,..,..,..,..,..,..,..,..,..,..,..,..,..,..,..,..,..,..,..,..,..,..,..,..,..,..,..,..,..,..,..,..,..,..,..,..,..,..,..,..,..,..,..,..,..,..,..,..,..,..,..,..,..,..,..,..,..,..,..,..,..,..,..,..,..,..,..,..,..,..,..,..,..,..,..,..,..,..,..,..,..,..,..,..,..,..,..,..,..,..,..,..,..,..,..,..,..,..,..,..,..,..,..,..,..,..,..,..,..,..,..,..,..,..,..,..,..,..,..
"....Zamboanga del Sur","Palay [Paddy] Other Variety, dry (conv. to 14% mc)",19.98,20.74,20.58,20.90,20.77,19.87,20.09,20.61,20.24,19.63,20.72,20.03,20.35,17.89,18.27,18.59,18.92,19.21,19.32,19.55,19.16,19.23,18.70,18.44,17.75,18.75,17.47,20.45,19.66,19.81,21.55,21.77,22.48,22.10,18.67,17.64,19.35,19.25,20.02,19.75,19.63,20.43,20.31,21.24,22.08,20.89,21.12,18.35,18.29,20.01,20.74,20.24,20.77,21.27,21.24,22.86,23.53,22.63,23.53,25.57,22.86,20.77,19.38,21.21,22.14,21.14,19.36,20.70,21.90,19.93,20.37,20.18,17.66,15.31,13.83,14.05,16.73,18.43,17.07,16.48,20.51,21.04,21.55,19.37,19.26,18.77,14.22,14.18,14.94,16.70,17.84,15.58,16.65,18.35,17.59,17.93,18.36,18.17,18.47,17.16,17.48,17.53,16.63,17.49,17.55,17.36,19.59,18.43,20.00,20.40,20.97,17.36,18.88,18.79,18.93,18.67,18.91,18.49,20.62,21.40,19.51,20.47,20.61,20.50,24.61,22.09,22.42,25.36,25.52,21.80,25.67,25.81,..,..,..,..,..,..,..,..,..,..,..
"....Zamboanga del Sur","Corngrain [Maize] White, matured",14.25,14.49,14.39,14.38,15.10,15.46,13.50,12.24,12.48,12.82,12.95,12.68,13.73,11.72,10.54,10.80,11.76,13.65,14.62,13.96,12.89,12.29,12.21,12.67,11.84,12.41,13.37,13.64,14.23,14.69,14.83,15.47,16.35,11.16,10.59,9.98,8.02,8.00,12.53,7.95,10.38,11.61,10.88,10.88,11.89,13.62,14.08,14.87,17.48,18.97,11.82,12.87,16.86,16.26,18.07,18.36,17.72,15.00,15.67,12.60,12.76,13.08,12.71,12.10,15.10,11.63,12.36,12.86,14.75,15.90,16.09,15.72,11.82,12.25,9.85,10.51,10.54,12.86,10.50,9.96,12.34,14.70,14.14,13.30,11.31,11.67,9.29,10.05,10.67,10.68,11.55,11.17,10.64,10.89,12.66,13.02,15.83,14.62,14.26,13.65,13.85,15.34,14.49,13.37,14.53,14.13,15.82,16.31,17.55,18.49,18.86,18.03,19.29,19.47,19.49,19.05,17.59,19.69,19.48,18.33,20.04,18.93,18.01,18.96,20.70,19.06,19.64,20.90,20.36,19.51,..,..,..,..,..,..,..,..,..,..,..,..,..
"....Zamboanga del Sur","Corngrain [Maize] Yellow, matured",..,..,..,..,..,..,..,..,..,..,..,..,..,..,..,..,..,..,..,..,..,..,..,..,..,..,..,..,..,..,..,..,..,..,..,..,..,..,..,..,..,..,..,..,..,..,..,..,..,..,..,..,..,..,..,..,..,..,..,..,..,..,..,..,..,..,..,..,..,..,..,..,..,..,..,..,..,..,..,..,..,..,..,..,..,..,..,..,..,..,..,..,..,..,..,..,..,..,..,..,..,..,..,..,..,..,..,..,..,..,..,..,..,..,..,..,..,..,..,..,..,..,..,..,..,..,..,..,..,..,..,..,..,..,..,..,..,..,..,..,..,..,..
"....Zamboanga del Sur","Green Corn (Maize, green), White",..,..,..,..,..,..,..,..,..,..,..,..,..,..,..,..,..,..,..,..,..,..,..,..,..,..,..,..,..,..,..,..,..,..,..,..,..,..,..,..,..,..,..,..,..,..,..,..,..,..,..,..,..,..,..,..,..,..,..,..,..,..,..,..,..,..,..,..,..,..,..,..,..,..,..,..,..,..,..,..,..,..,..,..,..,..,..,..,..,..,..,..,..,..,..,..,..,..,..,..,..,..,..,..,..,..,..,..,..,..,..,..,..,..,..,..,..,..,..,..,..,..,..,..,..,..,..,..,..,..,..,..,..,..,..,..,..,..,..,..,..,..,..
"....Zamboanga del Sur","Green Corn (Maize, green), Yellow",..,..,..,..,..,..,..,..,..,..,..,..,..,..,..,..,..,..,..,..,..,..,..,..,..,..,..,..,..,..,..,..,..,..,..,..,..,..,..,..,..,..,..,..,..,..,..,..,..,..,..,..,..,..,..,..,..,..,..,..,..,..,..,..,..,..,..,..,..,..,..,..,..,..,..,..,..,..,..,..,..,..,..,..,..,..,..,..,..,..,..,..,..,..,..,..,..,..,..,..,..,..,..,..,..,..,..,..,..,..,..,..,..,..,..,..,..,..,..,..,..,..,..,..,..,..,..,..,..,..,..,..,..,..,..,..,..,..,..,..,..,..,..
"....Zamboanga Sibugay","Palay [Paddy] Fancy, dry (conv. to 14% mc)",..,..,..,..,..,..,..,..,..,..,..,..,..,..,..,..,..,..,..,..,..,..,..,..,..,..,..,..,..,..,..,..,..,..,..,..,..,..,..,..,..,..,..,..,..,..,..,..,..,..,..,..,..,..,..,..,..,..,..,..,..,..,..,..,..,..,..,..,..,..,..,..,..,..,..,..,..,..,..,..,..,..,..,..,..,..,..,..,..,..,..,..,..,..,..,..,..,..,..,..,..,..,..,..,..,..,..,..,..,..,..,..,..,..,..,..,..,..,..,..,..,..,..,..,..,..,..,..,..,..,..,..,..,..,..,..,..,..,..,..,..,..,..
"....Zamboanga Sibugay","Palay [Paddy] Other Variety, dry (conv. to 14% mc)",18.97,19.14,19.06,18.85,19.77,19.57,19.63,19.76,19.94,17.99,15.44,15.10,18.60,18.20,18.88,18.07,17.23,17.76,17.61,17.73,17.77,18.71,16.88,16.46,15.89,17.60,18.97,19.68,20.56,19.14,17.50,19.25,19.99,18.27,17.83,17.37,15.24,16.54,18.36,16.90,17.78,18.41,17.65,17.58,23.34,19.39,16.12,16.00,15.46,16.32,15.70,17.55,16.42,17.83,20.21,20.18,20.67,19.67,20.10,23.01,18.47,19.48,21.06,20.73,19.82,19.95,20.31,20.40,20.72,21.11,20.53,19.06,15.92,16.45,12.06,11.66,15.09,17.77,15.97,16.57,16.80,18.82,18.59,18.22,18.81,18.89,15.25,14.20,16.49,16.01,17.05,15.80,16.85,17.87,20.77,18.71,20.35,19.72,18.89,17.13,16.41,17.78,17.23,18.13,17.29,18.99,18.75,20.20,19.33,18.05,18.34,17.36,17.34,17.72,18.89,16.56,18.24,18.19,18.19,18.91,19.00,19.71,19.85,18.48,18.94,19.20,20.82,20.48,21.11,19.41,20.18,24.03,..,..,..,..,..,..,..,..,..,..,..
"....Zamboanga Sibugay","Corngrain [Maize] White, matured",15.72,15.72,16.32,16.35,17.62,17.59,15.63,14.44,13.64,13.38,12.62,14.52,15.30,12.24,12.73,12.84,13.15,15.23,15.00,12.70,11.88,11.48,11.46,11.22,11.80,12.64,11.82,11.79,13.24,13.51,13.95,14.30,13.71,10.96,12.64,11.19,10.84,12.34,12.52,11.08,12.07,11.07,11.29,11.21,12.33,12.47,13.33,10.63,10.75,11.74,11.42,11.62,11.54,11.72,15.07,15.09,16.15,15.33,14.28,15.06,13.86,13.87,13.40,13.77,14.10,11.90,12.88,12.97,12.93,13.55,12.91,12.99,12.25,11.78,10.15,9.53,11.74,12.13,11.79,9.73,8.76,10.35,13.08,12.58,11.03,11.21,11.16,11.16,10.90,12.02,11.15,12.37,10.54,11.89,12.87,13.23,12.75,13.62,13.91,13.29,14.43,13.98,14.77,13.14,16.12,14.94,15.21,15.90,16.35,15.73,15.77,15.48,15.27,15.04,15.60,14.04,15.45,15.53,15.29,16.00,16.24,15.82,15.62,15.46,15.58,16.07,15.91,17.46,19.27,16.19,..,..,..,..,..,..,..,..,..,..,..,..,..
"....Zamboanga Sibugay","Corngrain [Maize] Yellow, matured",..,..,..,..,..,..,..,..,..,..,..,..,..,..,..,..,..,..,..,..,..,..,..,..,..,..,..,..,..,..,..,..,..,..,..,..,..,..,..,..,..,..,..,..,..,..,..,..,..,..,..,..,..,..,..,..,..,..,..,..,..,..,..,..,..,..,..,..,..,..,..,..,..,..,..,..,..,..,..,..,..,..,..,..,..,..,..,..,..,..,..,..,..,..,..,..,..,..,..,..,..,..,..,..,..,..,..,..,..,..,..,..,..,..,..,..,..,..,..,..,..,..,..,..,..,..,..,..,..,..,..,..,..,..,..,..,..,..,..,..,..,..,..
"....Zamboanga Sibugay","Green Corn (Maize, green), White",..,..,..,..,..,..,..,..,..,..,..,..,..,..,..,..,..,..,..,..,..,..,..,..,..,..,..,..,..,..,..,..,..,..,..,..,..,..,..,..,..,..,..,..,..,..,..,..,..,..,..,..,..,..,..,..,..,..,..,..,..,..,..,..,..,..,..,..,..,..,..,..,..,..,..,..,..,..,..,..,..,..,..,..,..,..,..,..,..,..,..,..,..,..,..,..,..,..,..,..,..,..,..,..,..,..,..,..,..,..,..,..,..,..,..,..,..,..,..,..,..,..,..,..,..,..,..,..,..,..,..,..,..,..,..,..,..,..,..,..,..,..,..
"....Zamboanga Sibugay","Green Corn (Maize, green), Yellow",..,..,..,..,..,..,..,..,..,..,..,..,..,..,..,..,..,..,..,..,..,..,..,..,..,..,..,..,..,..,..,..,..,..,..,..,..,..,..,..,..,..,..,..,..,..,..,..,..,..,..,..,..,..,..,..,..,..,..,..,..,..,..,..,..,..,..,..,..,..,..,..,..,..,..,..,..,..,..,..,..,..,..,..,..,..,..,..,..,..,..,..,..,..,..,..,..,..,..,..,..,..,..,..,..,..,..,..,..,..,..,..,..,..,..,..,..,..,..,..,..,..,..,..,..,..,..,..,..,..,..,..,..,..,..,..,..,..,..,..,..,..,..
"....Zamboanga City","Palay [Paddy] Fancy, dry (conv. to 14% mc)",..,..,..,..,..,..,..,..,..,..,..,..,..,..,..,..,..,..,..,..,..,..,..,..,..,..,..,..,..,..,..,..,..,..,..,..,..,..,..,..,..,..,..,..,..,..,..,..,..,..,..,..,..,..,..,..,..,..,..,..,..,..,..,..,..,..,..,..,..,..,..,..,..,..,..,..,..,..,..,..,..,..,..,..,..,..,..,..,..,..,..,..,..,..,..,..,..,..,..,..,..,..,..,..,..,..,..,..,..,..,..,..,..,..,..,..,..,..,..,..,..,..,..,..,..,..,..,..,..,..,..,..,..,..,..,..,..,..,..,..,..,..,..
"....Zamboanga City","Palay [Paddy] Other Variety, dry (conv. to 14% mc)",16.51,17.17,16.71,17.18,17.38,17.48,18.12,18.42,17.25,17.56,17.50,16.71,17.33,15.78,16.25,16.67,17.11,16.73,16.78,17.02,17.90,16.89,15.84,15.50,15.11,16.47,15.99,17.58,17.06,17.29,17.71,17.44,17.79,17.28,18.03,16.03,15.99,16.70,17.07,17.71,17.46,17.69,17.71,18.14,17.21,16.96,17.80,17.65,17.85,17.36,17.89,17.62,18.48,18.70,18.34,18.92,19.01,19.35,20.74,22.78,24.59,19.85,16.39,18.14,19.61,18.54,19.60,18.86,18.94,18.84,18.60,16.97,16.97,16.92,12.79,11.86,12.10,16.75,12.39,13.25,13.45,14.14,14.98,15.10,15.96,15.71,15.04,13.15,11.58,12.22,13.91,13.59,13.58,13.39,14.42,13.81,13.27,11.18,11.30,12.59,13.03,13.62,14.34,13.18,14.76,15.73,15.48,15.25,15.84,15.37,15.30,15.69,15.92,16.80,16.53,15.47,15.68,16.45,16.04,16.54,17.27,18.37,17.21,17.59,17.70,18.19,19.94,18.64,18.84,17.73,22.92,23.98,..,..,..,..,..,..,..,..,..,..,..
"....Zamboanga City","Corngrain [Maize] White, matured",12.03,12.23,12.24,12.70,13.57,14.45,13.30,12.00,12.37,11.31,11.72,10.77,12.39,11.91,11.38,11.92,11.75,12.41,11.39,11.55,10.68,10.82,11.83,11.41,11.32,11.53,12.16,13.19,13.34,13.85,14.12,13.83,12.68,12.36,13.09,12.54,12.65,11.44,12.94,11.04,11.55,11.69,11.65,11.20,12.92,10.97,10.98,10.82,10.14,13.56,11.15,11.47,13.60,12.10,10.98,11.69,11.30,11.33,11.98,13.14,13.43,12.21,12.33,11.28,12.11,14.48,12.00,..,..,..,..,..,13.60,12.79,7.00,7.40,8.00,10.75,14.00,13.00,10.57,12.55,12.33,12.17,12.95,10.95,11.34,10.59,13.36,13.40,12.27,10.00,10.90,10.77,11.28,11.46,11.42,11.65,11.02,11.45,11.43,11.30,11.93,11.22,12.15,14.32,14.53,14.66,14.58,12.01,15.65,14.47,14.96,14.39,14.36,15.00,14.26,15.39,15.60,15.76,16.56,15.83,17.37,17.14,17.44,17.40,17.32,18.33,17.20,16.78,..,..,..,..,..,..,..,..,..,..,..,..,..
"....Zamboanga City","Corngrain [Maize] Yellow, matured",11.81,11.79,11.78,12.52,13.44,14.18,12.55,10.00,11.23,12.07,11.75,12.25,12.11,11.74,11.25,11.63,11.60,12.46,11.40,11.36,10.70,10.78,11.33,10.88,11.62,11.40,11.94,12.05,13.77,13.20,13.40,12.99,12.79,13.10,13.52,12.65,13.42,11.00,12.82,11.64,11.84,12.24,12.44,12.28,12.29,11.26,10.70,10.16,10.60,10.87,7.00,11.11,11.00,14.00,15.00,15.00,..,..,12.73,12.47,13.27,14.00,15.00,16.00,13.85,14.00,13.68,..,..,..,..,13.00,12.03,12.38,6.50,8.00,9.07,11.08,7.82,10.73,10.35,11.75,11.84,13.91,12.78,12.91,12.33,10.58,11.60,13.15,11.65,11.44,12.13,10.95,12.31,12.20,11.76,12.13,13.22,12.36,12.74,12.26,12.27,12.15,12.65,14.89,14.45,15.61,17.57,14.44,16.53,15.52,15.19,14.56,14.02,15.16,15.05,15.57,16.51,15.63,15.70,16.39,16.93,16.91,17.67,17.27,17.25,17.18,17.30,16.69,..,..,..,..,..,..,..,..,..,..,..,..,..
"....Zamboanga City","Green Corn (Maize, green), White",12.52,13.13,13.14,13.25,12.88,13.12,13.31,13.17,13.36,..,12.69,13.90,13.13,13.36,13.51,13.77,14.13,13.73,14.51,14.52,14.52,13.19,14.19,13.77,13.53,13.89,14.40,14.74,17.14,17.36,17.55,17.36,15.05,12.68,14.13,13.76,14.52,13.64,15.19,14.53,14.59,14.76,14.42,14.67,12.66,13.78,15.65,14.61,14.14,14.39,26.09,15.36,10.56,8.26,8.97,9.05,8.37,22.40,10.34,9.29,10.24,9.73,9.41,11.42,10.67,..,..,..,..,..,..,..,..,..,..,..,..,..,..,..,..,..,..,..,..,..,..,..,..,..,..,..,..,..,..,..,..,..,..,..,..,..,..,..,..,..,..,..,..,..,..,..,..,..,..,..,..,..,..,..,..,..,..,..,..,..,..,..,..,..,..,..,..,..,..,..,..,..,..,..,..,..,..
"....Zamboanga City","Green Corn (Maize, green), Yellow",..,..,..,..,..,..,..,..,..,..,..,..,..,..,..,..,..,..,..,..,..,..,..,..,..,..,..,..,..,..,..,..,..,..,..,..,..,..,..,..,..,..,..,..,..,..,..,..,..,..,..,..,..,..,..,..,..,..,..,..,..,..,..,..,..,..,..,..,..,..,..,..,..,..,..,..,..,..,..,..,..,..,..,..,..,..,..,..,..,..,..,..,..,..,..,..,..,..,..,..,..,..,..,..,..,..,..,..,..,..,..,..,..,..,..,..,..,..,..,..,..,..,..,..,..,..,..,..,..,..,..,..,..,..,..,..,..,..,..,..,..,..,..
"..REGION X (NORTHERN MINDANAO)","Palay [Paddy] Fancy, dry (conv. to 14% mc)",..,..,..,..,..,..,..,..,..,..,..,..,..,..,..,..,..,..,..,..,..,..,..,..,..,..,..,..,..,..,..,..,..,..,..,..,..,..,..,..,..,..,..,..,..,..,..,..,..,..,..,..,..,..,..,..,..,..,..,..,..,..,..,..,..,..,..,..,..,..,..,..,..,..,..,..,..,..,..,..,..,..,..,..,..,..,..,..,..,..,..,..,..,..,..,..,..,..,..,..,..,..,..,..,..,..,..,..,..,..,..,..,..,..,..,..,..,..,..,..,..,..,..,..,..,..,..,..,..,..,..,..,..,..,..,..,..,..,..,..,..,..,..
"..REGION X (NORTHERN MINDANAO)","Palay [Paddy] Other Variety, dry (conv. to 14% mc)",17.34,17.92,19.43,19.92,20.05,19.92,20.30,20.15,19.51,18.44,19.71,19.74,19.37,18.86,18.95,18.88,19.11,19.39,18.79,19.11,19.31,19.69,18.90,18.96,19.13,19.09,19.63,19.85,20.05,20.20,20.23,20.42,20.34,20.12,19.92,18.17,18.53,19.10,19.71,19.78,19.59,19.61,19.47,19.79,19.99,20.28,19.89,19.60,19.32,19.80,20.45,19.80,20.33,20.49,20.00,19.84,20.74,21.25,21.33,22.59,22.94,20.59,20.38,20.11,20.88,19.97,19.95,19.21,19.46,19.29,19.64,19.24,18.24,17.14,15.52,15.31,16.03,18.25,16.39,15.86,17.78,19.61,21.36,20.31,19.67,19.65,16.97,15.38,15.54,17.38,17.99,17.19,17.20,17.84,17.24,17.46,18.45,19.15,18.29,17.41,17.01,18.02,18.09,17.78,17.14,18.00,19.53,18.12,17.72,17.73,18.20,18.44,18.76,18.24,18.08,18.04,18.17,17.67,18.62,19.63,20.77,21.26,20.17,20.59,23.53,21.55,23.56,24.07,25.01,21.37,25.28,25.46,..,..,..,..,..,..,..,..,..,..,..
"..REGION X (NORTHERN MINDANAO)","Corngrain [Maize] White, matured",13.27,13.00,14.07,14.34,14.31,14.83,12.82,12.41,12.19,12.18,12.41,11.90,13.14,11.53,11.85,13.28,13.27,13.55,14.56,14.74,12.53,12.47,12.11,12.17,12.11,12.85,12.28,13.06,13.30,13.74,13.66,14.06,14.02,11.70,10.75,10.13,10.09,9.37,12.18,9.26,10.08,11.07,10.56,11.19,12.48,11.75,12.26,13.02,14.46,16.14,13.92,12.18,14.46,15.39,15.78,15.46,15.53,14.75,14.61,13.51,13.54,13.55,13.58,14.19,14.53,13.37,12.79,14.33,14.47,15.06,14.82,14.24,13.13,11.49,11.25,10.82,11.14,13.08,11.21,10.78,11.92,12.46,13.15,12.88,13.13,13.13,10.76,10.50,11.08,12.08,11.92,11.12,11.94,12.53,12.62,13.69,15.39,15.62,15.75,15.04,15.03,15.09,15.39,14.10,14.43,14.76,15.81,16.95,17.19,18.16,18.78,18.33,18.32,18.76,20.47,18.24,17.52,17.70,16.40,18.04,17.48,18.28,18.20,18.18,18.73,18.54,18.49,18.86,18.06,18.08,..,..,..,..,..,..,..,..,..,..,..,..,..
"..REGION X (NORTHERN MINDANAO)","Corngrain [Maize] Yellow, matured",11.28,10.99,12.23,11.76,12.81,13.65,12.26,12.49,12.74,11.87,12.05,11.85,12.17,11.18,11.80,12.21,12.47,12.66,12.87,12.63,11.56,10.89,10.98,11.05,11.19,11.79,12.12,12.08,12.37,12.43,12.82,12.93,12.85,11.25,10.33,9.79,9.86,9.98,11.57,9.95,9.71,9.32,9.88,9.76,10.39,10.90,11.52,10.63,11.56,13.21,12.18,10.75,12.59,13.49,14.44,12.91,12.76,12.55,13.27,13.46,13.89,13.55,13.47,14.23,13.38,12.84,13.10,13.93,13.97,14.43,14.04,14.21,13.81,12.13,11.35,10.90,11.98,13.06,11.67,11.57,10.88,11.87,12.92,13.03,13.60,13.15,10.25,10.62,11.32,13.08,12.00,11.87,12.37,12.57,13.04,13.32,14.51,14.39,14.94,16.33,14.90,16.18,15.56,14.17,15.98,17.12,17.38,19.20,17.74,18.51,18.77,19.98,20.93,20.72,20.61,19.01,18.83,16.91,18.51,18.98,19.83,19.59,19.08,19.09,18.58,18.73,15.64,17.96,15.83,18.23,..,..,..,..,..,..,..,..,..,..,..,..,..
"..REGION X (NORTHERN MINDANAO)","Green Corn (Maize, green), White",..,..,..,..,..,..,..,..,..,..,..,..,..,..,..,..,..,..,..,..,..,..,..,..,..,..,..,..,..,..,..,..,..,..,..,..,..,..,..,..,..,..,..,..,..,..,..,..,..,..,..,..,..,..,..,..,..,..,..,..,..,..,..,..,..,..,..,..,..,..,..,..,..,..,..,..,..,..,..,..,..,..,..,..,..,..,..,..,..,..,..,..,..,..,..,..,..,..,..,..,..,..,..,..,..,..,..,..,..,..,..,..,..,..,..,..,..,..,..,..,..,..,..,..,..,..,..,..,..,..,..,..,..,..,..,..,..,..,..,..,..,..,..
"..REGION X (NORTHERN MINDANAO)","Green Corn (Maize, green), Yellow",..,..,..,..,..,..,..,..,..,..,..,..,..,..,..,..,..,..,..,..,..,..,..,..,..,..,..,..,..,..,..,..,..,..,..,..,..,..,..,..,..,..,..,..,..,..,..,..,..,..,..,..,..,..,..,..,..,..,..,..,..,..,..,..,..,..,..,..,..,..,..,..,..,..,..,..,..,..,..,..,..,..,..,..,..,..,..,..,..,..,..,..,..,..,..,..,..,..,..,..,..,..,..,..,..,..,..,..,..,..,..,..,..,..,..,..,..,..,..,..,..,..,..,..,..,..,..,..,..,..,..,..,..,..,..,..,..,..,..,..,..,..,..
"....Bukidnon","Palay [Paddy] Fancy, dry (conv. to 14% mc)",..,..,..,..,..,..,..,..,..,..,..,..,..,..,..,..,..,..,..,..,..,..,..,..,..,..,..,..,..,..,..,..,..,..,..,..,..,..,..,..,..,..,..,..,..,..,..,..,..,..,..,..,..,..,..,..,..,..,..,..,..,..,..,..,..,..,..,..,..,..,..,..,..,..,..,..,..,..,..,..,..,..,..,..,..,..,..,..,..,..,..,..,..,..,..,..,..,..,..,..,..,..,..,..,..,..,..,..,..,..,..,..,..,..,..,..,..,..,..,..,..,..,..,..,..,..,..,..,..,..,..,..,..,..,..,..,..,..,..,..,..,..,..
"....Bukidnon","Palay [Paddy] Other Variety, dry (conv. to 14% mc)",18.46,20.22,20.43,21.64,21.36,20.35,20.24,19.92,18.47,18.01,18.82,19.10,19.75,17.99,19.39,19.96,20.14,20.87,17.97,19.39,19.56,19.39,18.31,19.18,19.55,19.31,20.35,21.30,21.10,21.19,20.65,20.58,21.02,20.55,20.04,16.65,17.98,18.54,20.00,19.23,20.49,19.72,19.18,19.74,20.31,19.82,19.86,19.96,19.32,20.52,21.35,19.96,21.23,21.76,20.87,20.71,20.83,21.24,21.04,23.45,23.65,20.19,19.39,20.69,21.25,18.92,20.63,18.70,19.31,18.75,20.00,19.15,19.39,16.76,14.70,14.93,15.81,18.09,15.93,15.61,16.13,23.20,23.40,23.40,20.37,22.02,15.13,15.01,15.06,15.56,18.40,19.56,17.76,18.89,17.03,17.76,18.04,19.76,17.79,16.13,15.50,17.97,18.14,17.86,17.44,17.04,17.92,17.92,18.53,18.67,18.44,18.01,17.16,17.23,16.75,17.01,17.68,16.61,17.81,19.48,20.08,19.21,19.76,20.90,23.78,20.96,22.47,23.05,25.41,20.79,25.87,26.49,..,..,..,..,..,..,..,..,..,..,..
"....Bukidnon","Corngrain [Maize] White, matured",11.55,11.76,13.55,13.01,13.61,13.10,11.41,10.92,10.81,10.45,10.73,10.19,11.76,9.61,10.21,12.64,12.91,12.77,14.99,16.21,11.31,12.01,10.50,10.67,10.71,12.05,11.21,11.90,12.41,14.90,15.34,14.69,13.92,10.76,8.95,7.82,8.02,7.66,11.47,7.35,8.04,10.73,10.06,9.71,11.62,11.80,13.43,14.95,17.17,18.73,14.25,12.32,16.17,17.11,18.18,17.64,18.11,15.14,14.04,12.63,13.32,12.61,13.08,12.89,15.08,12.05,12.87,14.98,15.08,15.05,14.89,15.25,13.67,11.37,10.88,10.78,10.51,13.12,10.59,10.41,10.27,10.63,12.98,13.20,13.50,13.72,9.66,10.47,10.30,11.37,11.43,10.95,12.59,12.86,14.48,14.87,15.38,17.09,16.95,15.18,15.96,16.71,15.59,14.88,14.92,15.31,15.86,16.79,18.48,19.53,20.39,19.13,20.41,19.21,20.30,16.07,18.03,19.46,15.33,17.04,18.83,18.57,16.48,14.82,17.10,18.51,17.27,16.58,17.47,17.29,..,..,..,..,..,..,..,..,..,..,..,..,..
"....Bukidnon","Corngrain [Maize] Yellow, matured",10.50,10.77,12.18,12.25,12.76,14.23,12.03,12.37,12.97,11.40,12.04,12.00,12.13,11.08,12.02,12.52,12.64,12.49,13.00,12.63,11.16,10.79,10.70,10.48,10.74,11.69,11.48,12.05,12.63,12.73,13.93,12.87,12.23,11.09,10.12,9.44,9.48,10.13,11.52,9.79,9.33,9.87,9.36,8.84,10.75,10.74,11.59,11.80,12.93,15.05,14.07,11.18,13.96,14.22,16.42,14.31,14.70,14.18,14.45,14.79,15.10,13.92,13.98,14.83,14.57,13.06,13.93,14.69,15.48,15.56,15.33,15.11,12.85,11.52,10.93,10.50,11.38,13.36,11.77,11.43,10.48,10.75,12.55,12.96,13.69,13.56,10.25,10.94,10.27,11.39,11.67,11.81,12.73,12.94,13.33,13.79,14.22,16.76,16.23,17.90,15.92,17.64,16.36,14.97,16.77,17.66,17.23,17.19,18.42,19.18,20.67,20.35,20.71,19.38,19.80,16.34,18.64,16.93,17.36,17.32,18.18,17.13,16.93,16.24,16.49,16.26,15.94,16.72,16.55,16.84,..,..,..,..,..,..,..,..,..,..,..,..,..
"....Bukidnon","Green Corn (Maize, green), White",..,..,..,..,..,..,..,..,..,..,..,..,..,..,..,..,..,..,..,..,..,..,..,..,..,..,..,..,..,..,..,..,..,..,..,..,..,..,..,..,..,..,..,..,..,..,..,..,..,..,..,..,..,..,..,..,..,..,..,..,..,..,..,..,..,..,..,..,..,..,..,..,..,..,..,..,..,..,..,..,..,..,..,..,..,..,..,..,..,..,..,..,..,..,..,..,..,..,..,..,..,..,..,..,..,..,..,..,..,..,..,..,..,..,..,..,..,..,..,..,..,..,..,..,..,..,..,..,..,..,..,..,..,..,..,..,..,..,..,..,..,..,..
"....Bukidnon","Green Corn (Maize, green), Yellow",..,..,..,..,..,..,..,..,..,..,..,..,..,..,..,..,..,..,..,..,..,..,..,..,..,..,..,..,..,..,..,..,..,..,..,..,..,..,..,..,..,..,..,..,..,..,..,..,..,..,..,..,..,..,..,..,..,..,..,..,..,..,..,..,..,..,..,..,..,..,..,..,..,..,..,..,..,..,..,..,..,..,..,..,..,..,..,..,..,..,..,..,..,..,..,..,..,..,..,..,..,..,..,..,..,..,..,..,..,..,..,..,..,..,..,..,..,..,..,..,..,..,..,..,..,..,..,..,..,..,..,..,..,..,..,..,..,..,..,..,..,..,..
"....Camiguin","Palay [Paddy] Fancy, dry (conv. to 14% mc)",..,..,..,..,..,..,..,..,..,..,..,..,..,..,..,..,..,..,..,..,..,..,..,..,..,..,..,..,..,..,..,..,..,..,..,..,..,..,..,..,..,..,..,..,..,..,..,..,..,..,..,..,..,..,..,..,..,..,..,..,..,..,..,..,..,..,..,..,..,..,..,..,..,..,..,..,..,..,..,..,..,..,..,..,..,..,..,..,..,..,..,..,..,..,..,..,..,..,..,..,..,..,..,..,..,..,..,..,..,..,..,..,..,..,..,..,..,..,..,..,..,..,..,..,..,..,..,..,..,..,..,..,..,..,..,..,..,..,..,..,..,..,..
"....Camiguin","Palay [Paddy] Other Variety, dry (conv. to 14% mc)",..,..,..,..,..,..,..,..,..,..,..,..,..,..,..,..,..,..,..,..,..,..,..,..,..,..,..,..,..,..,..,..,..,..,..,..,..,..,..,..,..,..,..,..,..,..,..,..,..,..,..,..,..,..,..,..,..,..,..,..,..,..,..,..,..,..,..,..,..,..,..,..,..,..,..,..,..,..,..,..,..,..,..,..,..,..,..,..,..,..,..,..,..,..,..,..,..,..,..,..,..,..,..,..,..,..,22.92,..,..,..,..,..,..,..,..,..,22.92,..,..,..,..,..,..,..,..,..,..,..,..,..,..,..,..,..,..,..,..,..,..,..,..,..,..
"....Camiguin","Corngrain [Maize] White, matured",..,..,..,..,..,..,..,..,..,..,..,..,..,..,..,..,..,..,..,..,..,..,..,..,..,..,..,..,..,..,..,..,..,..,..,..,..,..,..,..,..,..,..,..,..,..,..,..,..,..,..,..,..,..,..,..,..,..,..,..,..,..,..,..,..,..,..,..,..,..,..,..,..,..,..,..,..,..,..,..,..,..,..,..,..,..,..,..,..,..,..,..,..,..,..,..,..,..,..,..,..,..,..,..,15.80,15.00,..,20.00,..,..,25.00,22.17,19.50,20.00,26.03,20.80,20.48,20.00,..,21.43,20.00,20.00,20.00,21.88,20.00,20.00,..,22.88,..,20.69,..,..,..,..,..,..,..,..,..,..,..,..,..
"....Camiguin","Corngrain [Maize] Yellow, matured",..,..,..,..,..,..,..,..,..,..,..,..,..,..,..,..,..,..,..,..,..,..,..,..,..,..,..,..,..,..,..,..,..,..,..,..,..,..,..,..,..,..,..,..,..,..,..,..,..,..,..,..,..,..,..,..,..,..,..,..,..,..,..,..,..,..,..,..,..,..,..,..,..,..,..,..,..,..,..,..,..,..,..,..,..,..,..,..,..,..,..,..,..,..,..,..,..,..,..,..,..,..,..,..,18.84,19.52,19.14,25.00,..,18.00,..,22.88,24.78,24.77,22.88,23.64,21.95,..,25.00,25.00,25.00,25.00,25.00,25.00,25.00,25.00,..,24.05,..,24.89,..,..,..,..,..,..,..,..,..,..,..,..,..
"....Camiguin","Green Corn (Maize, green), White",..,..,..,..,..,..,..,..,..,..,..,..,..,..,..,..,..,..,..,..,..,..,..,..,..,..,..,..,..,..,..,..,..,..,..,..,..,..,..,..,..,..,..,..,..,..,..,..,..,..,..,..,..,..,..,..,..,..,..,..,..,..,..,..,..,..,..,..,..,..,..,..,..,..,..,..,..,..,..,..,..,..,..,..,..,..,..,..,..,..,..,..,..,..,..,..,..,..,..,..,..,..,..,..,..,..,..,..,..,..,..,..,..,..,..,..,..,..,..,..,..,..,..,..,..,..,..,..,..,..,..,..,..,..,..,..,..,..,..,..,..,..,..
"....Camiguin","Green Corn (Maize, green), Yellow",..,..,..,..,..,..,..,..,..,..,..,..,..,..,..,..,..,..,..,..,..,..,..,..,..,..,..,..,..,..,..,..,..,..,..,..,..,..,..,..,..,..,..,..,..,..,..,..,..,..,..,..,..,..,..,..,..,..,..,..,..,..,..,..,..,..,..,..,..,..,..,..,..,..,..,..,..,..,..,..,..,..,..,..,..,..,..,..,..,..,..,..,..,..,..,..,..,..,..,..,..,..,..,..,..,..,..,..,..,..,..,..,..,..,..,..,..,..,..,..,..,..,..,..,..,..,..,..,..,..,..,..,..,..,..,..,..,..,..,..,..,..,..
"....Lanao del Norte","Palay [Paddy] Fancy, dry (conv. to 14% mc)",..,..,..,..,..,..,..,..,..,..,..,..,..,..,..,..,..,..,..,..,..,..,..,..,..,..,..,..,..,..,..,..,..,..,..,..,..,..,..,..,..,..,..,..,..,..,..,..,..,..,..,..,..,..,..,..,..,..,..,..,..,..,..,..,..,..,..,..,..,..,..,..,..,..,..,..,..,..,..,..,..,..,..,..,..,..,..,..,..,..,..,..,..,..,..,..,..,..,..,..,..,..,..,..,..,..,..,..,..,..,..,..,..,..,..,..,..,..,..,..,..,..,..,..,..,..,..,..,..,..,..,..,..,..,..,..,..,..,..,..,..,..,..
"....Lanao del Norte","Palay [Paddy] Other Variety, dry (conv. to 14% mc)",17.26,17.18,20.04,21.09,21.75,20.81,21.11,21.09,20.52,16.79,21.56,21.32,20.04,20.12,21.03,20.00,20.27,20.48,20.18,20.57,21.70,23.06,20.29,19.78,19.65,20.59,21.24,20.65,21.32,21.07,21.62,21.83,20.94,21.28,20.98,18.83,20.11,20.44,20.86,21.06,19.51,19.83,20.69,20.78,20.49,21.87,21.72,19.08,20.36,20.06,21.53,20.58,21.32,20.91,20.58,19.30,22.23,21.62,21.79,22.99,24.30,20.69,19.95,19.28,21.25,20.20,19.58,19.51,19.49,20.64,20.56,20.25,16.72,17.07,16.30,14.39,16.66,18.45,16.67,17.15,19.18,18.87,24.29,19.28,19.87,19.66,17.76,16.28,17.25,21.62,18.99,16.72,18.59,19.68,18.91,18.01,20.79,20.26,19.55,18.33,17.83,19.41,18.69,18.90,16.54,18.78,20.95,19.12,16.57,16.62,18.38,19.15,20.48,19.36,19.73,19.58,18.77,18.58,20.29,20.41,24.28,26.53,22.52,23.01,26.77,23.85,26.49,28.07,27.84,24.05,27.06,25.49,..,..,..,..,..,..,..,..,..,..,..
"....Lanao del Norte","Corngrain [Maize] White, matured",14.01,13.73,13.78,13.58,13.84,14.28,13.91,13.00,13.11,13.11,13.05,13.20,13.55,13.08,13.12,13.12,13.07,13.01,13.95,12.92,12.86,12.78,13.09,12.59,12.89,13.04,12.60,13.09,12.78,12.48,11.70,13.15,13.25,12.83,12.83,11.67,13.31,10.94,12.55,11.13,11.62,11.31,8.93,11.68,12.13,10.60,11.13,11.03,11.56,13.85,11.69,11.39,11.93,12.76,12.70,12.34,12.64,13.19,14.01,13.21,13.04,13.63,13.68,14.90,13.17,13.53,12.72,13.71,13.07,14.19,13.81,11.97,11.62,10.82,12.10,11.01,12.51,12.59,10.12,10.86,12.99,13.07,13.58,13.06,13.34,12.78,11.00,11.32,11.41,14.19,12.31,11.23,11.60,11.36,11.28,11.70,15.79,14.31,15.07,15.16,15.50,14.63,14.55,13.52,11.07,11.47,15.49,15.33,15.23,15.32,13.24,15.34,15.86,19.15,20.36,20.10,15.66,15.62,15.69,16.28,16.05,18.33,19.00,20.36,20.93,19.27,19.64,20.74,18.65,18.38,..,..,..,..,..,..,..,..,..,..,..,..,..
"....Lanao del Norte","Corngrain [Maize] Yellow, matured",12.01,11.44,11.92,12.05,12.19,12.75,12.53,12.09,12.23,11.80,11.85,11.79,12.05,11.71,11.17,11.86,11.84,12.14,12.84,11.77,11.31,11.66,11.77,11.58,11.81,11.79,13.61,11.78,11.55,11.30,11.08,11.55,12.00,11.34,10.82,10.28,9.80,9.70,11.23,9.93,11.31,9.34,10.17,11.01,10.24,10.41,9.73,8.75,9.40,10.99,10.47,10.15,9.98,10.47,11.20,10.84,10.91,11.09,11.37,11.59,12.00,11.58,11.40,12.84,11.27,11.55,11.58,12.06,11.35,12.13,11.69,11.48,13.48,11.89,10.94,10.43,11.86,11.70,10.91,11.05,11.01,11.29,11.59,11.74,12.31,11.52,10.11,10.32,13.03,15.06,11.66,10.82,12.01,11.79,11.97,11.16,13.38,12.69,13.75,14.16,13.07,13.58,13.48,12.66,12.20,13.71,17.17,18.15,17.08,17.25,15.48,17.97,17.31,17.67,18.74,18.25,16.75,16.00,15.71,16.62,17.14,18.00,16.58,16.73,18.01,16.05,15.36,15.87,15.63,16.48,..,..,..,..,..,..,..,..,..,..,..,..,..
"....Lanao del Norte","Green Corn (Maize, green), White",..,..,..,..,..,..,..,..,..,..,..,..,..,..,..,..,..,..,..,..,..,..,..,..,..,..,..,..,..,..,..,..,..,..,..,..,..,..,..,..,..,..,..,..,..,..,..,..,..,..,..,..,..,..,..,..,..,..,..,..,..,..,..,..,..,..,..,..,..,..,..,..,..,..,..,..,..,..,..,..,..,..,..,..,..,..,..,..,..,..,..,..,..,..,..,..,..,..,..,..,..,..,..,..,..,..,..,..,..,..,..,..,..,..,..,..,..,..,..,..,..,..,..,..,..,..,..,..,..,..,..,..,..,..,..,..,..,..,..,..,..,..,..
"....Lanao del Norte","Green Corn (Maize, green), Yellow",..,..,..,..,..,..,..,..,..,..,..,..,..,..,..,..,..,..,..,..,..,..,..,..,..,..,..,..,..,..,..,..,..,..,..,..,..,..,..,..,..,..,..,..,..,..,..,..,..,..,..,..,..,..,..,..,..,..,..,..,..,..,..,..,..,..,..,..,..,..,..,..,..,..,..,..,..,..,..,..,..,..,..,..,..,..,..,..,..,..,..,..,..,..,..,..,..,..,..,..,..,..,..,..,..,..,..,..,..,..,..,..,..,..,..,..,..,..,..,..,..,..,..,..,..,..,..,..,..,..,..,..,..,..,..,..,..,..,..,..,..,..,..
"....Misamis Occidental","Palay [Paddy] Fancy, dry (conv. to 14% mc)",..,..,..,..,..,..,..,..,..,..,..,..,..,..,..,..,..,..,..,..,..,..,..,..,..,..,..,..,..,..,..,..,..,..,..,..,..,..,..,..,..,..,..,..,..,..,..,..,..,..,..,..,..,..,..,..,..,..,..,..,..,..,..,..,..,..,..,..,..,..,..,..,..,..,..,..,..,..,..,..,..,..,..,..,..,..,..,..,..,..,..,..,..,..,..,..,..,..,..,..,..,..,..,..,..,..,..,..,..,..,..,..,..,..,..,..,..,..,..,..,..,..,..,..,..,..,..,..,..,..,..,..,..,..,..,..,..,..,..,..,..,..,..
"....Misamis Occidental","Palay [Paddy] Other Variety, dry (conv. to 14% mc)",17.19,16.92,19.17,19.04,19.36,19.59,19.85,19.56,19.26,18.89,18.72,18.79,18.86,18.50,18.36,18.06,18.27,18.42,18.91,18.72,18.37,19.08,19.00,18.91,18.88,18.62,18.43,18.62,18.91,19.01,19.41,19.54,19.63,19.44,19.43,18.67,17.82,18.36,18.94,18.21,18.22,19.04,19.34,19.43,20.02,19.69,19.45,20.04,18.01,18.93,19.05,19.12,19.31,20.17,18.92,19.57,20.14,21.37,21.60,22.20,22.74,20.41,20.04,19.64,20.51,19.18,19.23,19.96,19.64,18.93,18.90,19.34,17.81,16.82,14.12,14.99,14.22,17.76,15.37,16.13,17.29,18.47,18.91,19.86,19.59,18.77,17.67,14.64,14.41,15.91,17.25,16.12,15.12,15.78,16.11,16.83,17.54,19.12,18.31,17.85,17.41,17.60,18.17,17.16,17.57,18.99,18.57,18.12,18.23,17.74,18.10,18.49,18.81,18.28,17.55,17.41,18.16,17.63,18.99,20.26,20.05,20.01,20.09,19.11,22.85,21.31,23.76,23.43,24.73,21.02,25.50,26.48,..,..,..,..,..,..,..,..,..,..,..
"....Misamis Occidental","Corngrain [Maize] White, matured",13.78,13.43,13.54,15.14,14.81,15.40,14.34,13.29,12.76,12.59,12.40,12.57,13.67,12.33,12.09,12.74,13.00,13.25,13.51,13.31,12.95,12.90,13.03,12.89,12.74,12.90,13.16,13.43,13.58,13.06,12.26,12.60,12.97,12.86,13.00,11.98,10.21,10.18,12.44,9.55,9.53,12.20,12.16,12.35,12.44,11.38,10.47,11.26,12.17,12.26,12.86,11.55,13.74,14.55,13.97,14.28,14.11,14.16,14.41,14.72,13.64,13.76,13.03,14.49,14.07,13.44,12.97,13.37,14.80,15.15,14.63,14.20,13.73,12.05,10.25,10.32,10.14,12.92,12.57,10.67,10.84,11.45,11.36,12.86,12.29,12.03,11.00,10.21,11.35,10.82,11.45,10.65,10.74,12.49,11.36,12.50,13.17,15.12,15.82,14.67,14.05,14.27,15.67,13.38,15.55,15.81,15.50,17.22,18.33,18.79,18.09,16.33,16.44,15.69,15.77,15.25,16.56,14.53,16.78,16.29,15.32,15.07,15.16,16.47,16.21,16.98,17.56,17.10,17.32,16.23,..,..,..,..,..,..,..,..,..,..,..,..,..
"....Misamis Occidental","Corngrain [Maize] Yellow, matured",..,..,..,..,..,..,..,..,..,..,..,..,..,..,..,..,..,..,..,..,..,..,..,..,..,..,..,..,..,..,..,..,..,..,..,..,..,..,..,..,..,..,..,..,..,..,..,..,..,..,..,..,..,..,..,..,..,..,..,..,..,..,..,..,..,..,..,..,..,..,..,..,..,..,..,..,..,..,..,..,..,..,..,..,..,..,..,..,..,..,..,..,..,..,..,..,..,..,..,..,..,..,..,..,..,..,..,..,..,..,..,..,..,..,..,..,..,..,..,..,..,..,..,..,..,..,..,..,..,..,..,..,..,..,..,..,..,..,..,..,..,..,..
"....Misamis Occidental","Green Corn (Maize, green), White",..,..,..,..,..,..,..,..,..,..,..,..,..,..,..,..,..,..,..,..,..,..,..,..,..,..,..,..,..,..,..,..,..,..,..,..,..,..,..,..,..,..,..,..,..,..,..,..,..,..,..,..,..,..,..,..,..,..,..,..,..,..,..,..,..,..,..,..,..,..,..,..,..,..,..,..,..,..,..,..,..,..,..,..,..,..,..,..,..,..,..,..,..,..,..,..,..,..,..,..,..,..,..,..,..,..,..,..,..,..,..,..,..,..,..,..,..,..,..,..,..,..,..,..,..,..,..,..,..,..,..,..,..,..,..,..,..,..,..,..,..,..,..
"....Misamis Occidental","Green Corn (Maize, green), Yellow",..,..,..,..,..,..,..,..,..,..,..,..,..,..,..,..,..,..,..,..,..,..,..,..,..,..,..,..,..,..,..,..,..,..,..,..,..,..,..,..,..,..,..,..,..,..,..,..,..,..,..,..,..,..,..,..,..,..,..,..,..,..,..,..,..,..,..,..,..,..,..,..,..,..,..,..,..,..,..,..,..,..,..,..,..,..,..,..,..,..,..,..,..,..,..,..,..,..,..,..,..,..,..,..,..,..,..,..,..,..,..,..,..,..,..,..,..,..,..,..,..,..,..,..,..,..,..,..,..,..,..,..,..,..,..,..,..,..,..,..,..,..,..
"....Misamis Oriental","Palay [Paddy] Fancy, dry (conv. to 14% mc)",..,..,..,..,..,..,..,..,..,..,..,..,..,..,..,..,..,..,..,..,..,..,..,..,..,..,..,..,..,..,..,..,..,..,..,..,..,..,..,..,..,..,..,..,..,..,..,..,..,..,..,..,..,..,..,..,..,..,..,..,..,..,..,..,..,..,..,..,..,..,..,..,..,..,..,..,..,..,..,..,..,..,..,..,..,..,..,..,..,..,..,..,..,..,..,..,..,..,..,..,..,..,..,..,..,..,..,..,..,..,..,..,..,..,..,..,..,..,..,..,..,..,..,..,..,..,..,..,..,..,..,..,..,..,..,..,..,..,..,..,..,..,..
"....Misamis Oriental","Palay [Paddy] Other Variety, dry (conv. to 14% mc)",16.44,17.34,18.08,17.92,17.71,18.92,19.98,20.01,19.77,20.06,19.75,19.73,18.81,18.82,17.02,17.51,17.76,17.77,18.08,17.75,17.60,17.23,18.01,17.98,18.42,17.83,18.49,18.82,18.88,19.51,19.23,19.73,19.78,19.20,19.21,18.54,18.22,19.04,19.05,20.62,20.15,19.86,18.65,19.21,19.14,19.75,18.51,19.33,19.60,19.70,19.86,19.53,19.45,19.10,19.63,19.76,19.75,20.76,20.87,21.72,21.06,21.07,22.14,20.83,20.51,21.56,20.34,18.66,19.39,18.82,19.10,18.20,19.03,17.89,16.96,16.93,17.41,18.69,17.58,14.55,18.51,17.90,18.83,18.68,18.85,18.16,17.33,15.57,15.43,16.43,17.32,16.34,17.34,17.00,16.90,17.23,17.44,17.46,17.52,17.34,17.30,17.09,17.36,17.19,16.99,17.18,17.30,17.30,17.54,17.87,17.86,18.12,18.59,18.10,18.29,18.16,17.78,17.86,17.38,18.35,18.66,19.27,18.32,19.35,20.70,20.07,21.51,21.73,22.04,19.60,22.70,23.39,..,..,..,..,..,..,..,..,..,..,..
"....Misamis Oriental","Corngrain [Maize] White, matured",13.74,13.09,15.40,15.62,14.98,16.52,11.63,12.42,12.07,12.55,13.47,11.62,13.59,11.11,11.98,14.61,14.09,15.18,15.79,16.53,12.99,12.20,11.83,12.53,12.11,13.41,12.16,13.82,14.43,14.53,15.35,15.79,15.93,10.33,8.21,9.04,8.83,8.68,12.26,9.01,11.14,10.03,11.10,11.03,13.72,13.23,14.00,14.85,16.95,19.73,16.86,13.47,15.99,17.15,18.27,17.58,17.24,16.49,15.99,13.46,14.17,14.20,14.52,14.47,15.79,14.46,12.58,15.25,14.92,15.83,15.94,15.53,13.48,11.73,11.75,11.17,11.40,13.67,11.55,11.16,13.57,14.70,14.69,12.39,13.40,14.00,11.39,10.00,11.25,11.95,12.50,11.63,12.81,13.41,13.37,15.67,17.23,15.97,15.17,15.15,14.60,14.73,15.75,14.62,14.81,16.23,16.39,15.42,16.70,19.00,17.18,18.66,19.38,19.74,19.90,18.98,17.70,18.89,17.80,19.15,17.22,19.45,20.36,17.35,19.39,17.95,19.49,16.99,18.79,18.57,..,..,..,..,..,..,..,..,..,..,..,..,..
"....Misamis Oriental","Corngrain [Maize] Yellow, matured",11.34,10.77,12.59,10.97,13.48,13.98,12.23,13.01,13.02,12.40,12.26,11.77,12.32,10.76,12.22,12.24,12.93,13.35,12.76,13.50,12.22,10.22,10.46,11.10,11.03,11.90,11.26,12.40,12.94,13.27,13.45,14.37,14.33,11.33,10.04,9.64,10.30,10.12,11.95,10.14,8.50,8.74,10.11,9.42,10.18,11.54,13.24,11.35,12.36,13.59,11.99,10.93,13.83,15.77,15.70,13.57,12.66,12.38,13.99,14.01,14.56,15.16,15.04,15.02,14.31,13.90,13.80,15.05,15.09,15.60,15.11,16.03,15.10,12.98,12.17,11.77,12.70,14.11,12.34,12.24,11.15,13.56,14.63,14.38,14.81,14.37,10.40,10.61,10.66,12.80,12.66,12.97,12.38,12.99,13.83,15.02,15.94,13.72,14.84,16.93,15.71,17.32,16.85,14.88,16.09,17.60,15.99,16.45,17.72,19.59,20.17,18.70,20.93,21.06,21.03,17.82,18.60,17.81,15.96,16.97,19.01,18.23,17.81,18.37,14.81,17.60,15.63,15.21,15.32,16.89,..,..,..,..,..,..,..,..,..,..,..,..,..
"....Misamis Oriental","Green Corn (Maize, green), White",..,..,..,..,..,..,..,..,..,..,..,..,..,..,..,..,..,..,..,..,..,..,..,..,..,..,..,..,..,..,..,..,..,..,..,..,..,..,..,..,..,..,..,..,..,..,..,..,..,..,..,..,..,..,..,..,..,..,..,..,..,..,..,..,..,..,..,..,..,..,..,..,..,..,..,..,..,..,..,..,..,..,..,..,..,..,..,..,..,..,..,..,..,..,..,..,..,..,..,..,..,..,..,..,..,..,..,..,..,..,..,..,..,..,..,..,..,..,..,..,..,..,..,..,..,..,..,..,..,..,..,..,..,..,..,..,..,..,..,..,..,..,..
"....Misamis Oriental","Green Corn (Maize, green), Yellow",..,..,..,..,..,..,..,..,..,..,..,..,..,..,..,..,..,..,..,..,..,..,..,..,..,..,..,..,..,..,..,..,..,..,..,..,..,..,..,..,..,..,..,..,..,..,..,..,..,..,..,..,..,..,..,..,..,..,..,..,..,..,..,..,..,..,..,..,..,..,..,..,..,..,..,..,..,..,..,..,..,..,..,..,..,..,..,..,..,..,..,..,..,..,..,..,..,..,..,..,..,..,..,..,..,..,..,..,..,..,..,..,..,..,..,..,..,..,..,..,..,..,..,..,..,..,..,..,..,..,..,..,..,..,..,..,..,..,..,..,..,..,..
"..REGION XI (DAVAO REGION)","Palay [Paddy] Fancy, dry (conv. to 14% mc)",..,..,..,..,..,..,..,..,..,..,..,..,..,..,..,..,..,..,..,..,..,..,..,..,..,..,..,..,..,..,..,..,..,..,..,..,..,..,..,..,..,..,..,..,..,..,..,..,..,..,..,..,..,..,..,..,..,..,..,..,..,..,..,..,..,..,..,..,..,..,..,..,..,..,..,..,..,..,..,..,..,..,..,..,..,..,..,..,..,..,..,..,..,..,..,..,..,..,..,..,..,..,..,..,..,..,..,..,..,..,..,..,..,..,..,..,..,..,..,..,..,..,..,..,..,..,..,..,..,..,..,..,..,..,..,..,..,..,..,..,..,..,..
"..REGION XI (DAVAO REGION)","Palay [Paddy] Other Variety, dry (conv. to 14% mc)",17.46,18.73,19.07,19.79,20.22,19.91,19.32,19.44,19.98,19.83,19.93,18.88,19.38,18.29,17.33,18.39,19.27,18.61,18.01,18.36,18.59,19.04,18.42,18.18,18.56,18.42,17.75,18.71,19.74,19.98,20.12,19.06,19.77,20.04,19.64,17.64,18.15,17.79,19.03,19.29,19.11,19.97,19.54,20.04,20.28,20.36,19.60,20.69,19.08,19.57,19.91,19.79,19.73,20.30,21.37,21.90,21.00,20.82,20.33,22.84,22.89,20.36,19.62,19.87,20.92,20.40,20.31,17.56,17.84,17.58,17.88,17.38,17.18,16.51,16.70,15.98,16.73,17.67,17.04,16.04,18.44,20.32,19.55,18.45,18.38,17.58,14.91,13.89,14.08,15.39,17.01,14.78,16.03,18.19,17.55,17.30,17.62,17.24,17.34,15.86,14.50,16.40,15.64,16.54,15.68,16.40,17.10,17.27,17.41,17.01,17.35,17.70,17.09,17.12,17.12,16.96,17.02,16.84,17.64,18.33,18.90,18.91,18.78,18.93,22.56,21.14,21.73,21.93,22.33,19.84,22.53,23.10,..,..,..,..,..,..,..,..,..,..,..
"..REGION XI (DAVAO REGION)","Corngrain [Maize] White, matured",13.49,14.10,14.60,15.27,15.36,15.38,14.13,12.76,12.82,11.95,11.80,11.09,13.56,10.56,10.64,12.11,13.45,14.61,15.28,14.79,13.28,12.94,13.29,12.45,11.93,12.94,11.11,13.17,13.46,14.72,14.45,14.80,13.94,11.63,10.59,9.61,9.05,8.27,12.07,8.26,9.85,10.79,10.37,11.94,12.47,12.27,13.68,14.05,16.32,18.00,14.74,12.73,15.26,16.75,17.04,16.72,16.12,14.31,13.21,12.34,11.99,12.60,12.73,12.83,14.33,11.76,11.61,13.14,14.11,13.99,13.14,13.10,12.88,12.18,11.59,11.36,11.60,12.54,10.81,10.35,11.13,12.41,12.60,11.79,12.32,12.56,11.25,11.60,11.17,10.98,11.58,10.96,11.61,13.04,12.71,15.20,15.82,15.95,16.27,16.59,15.89,15.84,15.59,14.62,14.26,14.45,15.43,16.08,16.60,16.77,16.65,18.08,18.29,20.01,19.68,18.59,17.07,17.28,16.88,16.37,17.08,17.76,17.99,17.04,16.96,16.47,17.14,17.34,17.18,17.12,..,..,..,..,..,..,..,..,..,..,..,..,..
"..REGION XI (DAVAO REGION)","Corngrain [Maize] Yellow, matured",11.63,12.21,12.51,13.67,14.01,14.27,13.24,12.67,12.84,12.30,12.73,12.51,12.88,11.52,11.26,12.45,13.23,13.51,13.20,13.30,12.72,11.94,11.47,11.56,10.85,12.25,10.18,11.16,12.76,13.51,14.11,14.03,12.42,11.03,10.75,10.00,10.54,10.26,11.73,9.61,9.72,10.32,9.63,10.65,11.75,10.49,11.92,11.73,13.25,13.97,13.63,11.39,12.55,14.73,15.59,14.08,15.21,12.66,11.96,12.79,13.23,12.90,13.74,13.24,13.56,11.47,11.72,12.81,12.49,12.42,12.15,13.27,12.08,12.64,11.98,11.23,10.87,12.09,11.22,9.92,10.25,10.50,10.54,12.12,10.41,11.60,11.35,10.72,10.64,9.82,10.76,10.05,10.81,11.99,12.54,11.85,11.81,11.92,12.55,13.54,13.07,13.15,13.90,12.27,13.20,12.96,13.59,14.62,13.74,14.21,13.52,13.93,14.32,15.04,14.06,15.86,14.09,16.18,15.56,13.72,15.86,15.19,15.93,16.06,16.66,14.15,14.42,15.03,13.84,15.22,..,..,..,..,..,..,..,..,..,..,..,..,..
"..REGION XI (DAVAO REGION)","Green Corn (Maize, green), White",..,..,..,..,..,..,..,..,..,..,..,..,..,..,..,..,..,..,..,..,..,..,..,..,..,..,..,..,..,..,..,..,..,..,..,..,..,..,..,..,..,..,..,..,..,..,..,..,..,..,..,..,..,..,..,..,..,..,..,..,..,..,..,..,..,..,..,..,..,..,..,..,..,..,..,..,..,..,..,..,..,..,..,..,..,..,..,..,..,..,..,..,..,..,..,..,..,..,..,..,..,..,..,..,..,..,..,..,..,..,..,..,..,..,..,..,..,..,..,..,..,..,..,..,..,..,..,..,..,..,..,..,..,..,..,..,..,..,..,..,..,..,..
"..REGION XI (DAVAO REGION)","Green Corn (Maize, green), Yellow",..,..,..,..,..,..,..,..,..,..,..,..,..,..,..,..,..,..,..,..,..,..,..,..,..,..,..,..,..,..,..,..,..,..,..,..,..,..,..,..,..,..,..,..,..,..,..,..,..,..,..,..,..,..,..,..,..,..,..,..,..,..,..,..,..,..,..,..,..,..,..,..,..,..,..,..,..,..,..,..,..,..,..,..,..,..,..,..,..,..,..,..,..,..,..,..,..,..,..,..,..,..,..,..,..,..,..,..,..,..,..,..,..,..,..,..,..,..,..,..,..,..,..,..,..,..,..,..,..,..,..,..,..,..,..,..,..,..,..,..,..,..,..
"....Davao de Oro (Compostela Valley)","Palay [Paddy] Fancy, dry (conv. to 14% mc)",..,..,..,..,..,..,..,..,..,..,..,..,..,..,..,..,..,..,..,..,..,..,..,..,..,..,..,..,..,..,..,..,..,..,..,..,..,..,..,..,..,..,..,..,..,..,..,..,..,..,..,..,..,..,..,..,..,..,..,..,..,..,..,..,..,..,..,..,..,..,..,..,..,..,..,..,..,..,..,..,..,..,..,..,..,..,..,..,..,..,..,..,..,..,..,..,..,..,..,..,..,..,..,..,..,..,..,..,..,..,..,..,..,..,..,..,..,..,..,..,..,..,..,..,..,..,..,..,..,..,..,..,..,..,..,..,..,..,..,..,..,..,..
"....Davao de Oro (Compostela Valley)","Palay [Paddy] Other Variety, dry (conv. to 14% mc)",15.00,19.54,19.43,21.09,20.88,19.13,17.80,17.66,20.22,20.65,20.08,17.57,19.09,17.56,17.83,..,21.19,18.14,17.46,16.92,16.49,20.05,18.27,17.01,16.36,17.93,16.78,16.78,19.80,19.33,19.60,17.38,18.29,19.30,19.78,18.18,16.34,19.12,18.39,17.68,15.73,21.27,19.44,18.82,17.40,16.78,17.66,20.22,18.71,16.78,16.78,18.11,16.78,17.83,20.87,21.88,17.83,17.83,17.83,17.83,21.83,19.26,17.83,17.83,18.79,16.78,17.47,14.90,16.72,15.76,14.99,13.92,15.40,14.99,16.77,16.42,16.60,15.89,14.99,14.99,18.74,20.88,21.24,17.13,17.13,16.06,15.70,12.94,12.85,12.85,16.29,12.85,13.92,18.99,18.70,17.13,17.13,16.06,16.06,14.80,13.92,13.92,13.92,15.62,13.92,13.92,17.91,17.13,17.13,17.13,17.13,17.75,17.43,17.87,17.81,16.06,16.77,16.06,16.06,19.19,19.29,18.35,18.20,18.20,21.41,21.72,21.60,22.48,22.48,19.59,23.55,21.41,..,..,..,..,..,..,..,..,..,..,..
"....Davao de Oro (Compostela Valley)","Corngrain [Maize] White, matured",13.21,14.56,15.29,15.06,15.60,15.03,12.80,11.71,12.57,11.31,11.46,11.36,13.33,11.15,10.86,11.20,14.25,15.32,16.04,14.55,14.54,14.88,13.08,12.26,10.90,13.25,10.25,11.73,13.46,14.28,14.23,14.01,13.86,12.43,10.77,9.28,8.80,8.26,11.78,8.51,9.32,10.82,8.73,11.24,12.37,11.76,13.81,11.65,14.49,17.83,12.40,11.91,14.25,16.78,18.80,16.41,15.49,13.06,13.09,12.31,12.61,12.19,12.53,11.16,14.06,10.69,10.11,11.99,13.05,14.09,12.11,12.15,12.74,12.05,11.37,10.96,10.78,11.84,11.13,10.00,11.06,12.17,10.32,11.63,12.51,12.17,13.03,11.09,12.52,11.14,11.56,9.56,10.02,12.52,13.48,16.04,16.71,16.54,14.79,14.08,13.79,14.54,14.40,13.87,12.34,13.00,15.01,15.07,15.01,15.24,14.64,17.27,16.80,19.63,19.64,19.76,16.12,15.72,16.39,15.06,15.13,17.33,19.37,18.25,15.70,15.61,14.75,15.32,15.00,16.14,..,..,..,..,..,..,..,..,..,..,..,..,..
"....Davao de Oro (Compostela Valley)","Corngrain [Maize] Yellow, matured",11.39,12.32,12.34,14.35,14.13,13.90,12.48,11.71,12.56,10.92,11.35,11.93,12.45,11.21,11.39,12.47,13.38,13.44,13.21,13.40,13.30,12.68,11.54,12.02,10.21,12.35,9.46,10.51,12.53,13.43,14.17,13.53,13.61,12.02,10.86,9.57,9.56,9.14,11.53,9.49,9.19,9.99,9.00,10.49,12.82,10.56,12.90,11.93,12.98,14.00,14.00,11.45,11.00,13.25,17.00,13.97,15.84,12.25,11.00,13.20,13.75,12.91,13.89,13.15,13.43,10.44,10.73,12.20,12.66,12.56,10.41,13.30,11.64,12.08,11.36,10.65,10.55,11.55,..,..,..,..,..,..,..,..,..,..,..,..,..,..,..,..,..,..,..,..,..,..,..,..,..,..,..,..,..,..,..,..,..,..,..,..,..,..,..,..,..,..,..,..,..,..,..,..,..,..,..,..,..,..,..,..,..,..,..,..,..,..,..,..,..
"....Davao de Oro (Compostela Valley)","Green Corn (Maize, green), White",..,..,..,..,..,..,..,..,..,..,..,..,..,..,..,..,..,..,..,..,..,..,..,..,..,..,..,..,..,..,..,..,..,..,..,..,..,..,..,..,..,..,..,..,..,..,..,..,..,..,..,..,..,..,..,..,..,..,..,..,..,..,..,..,..,..,..,..,..,..,..,..,..,..,..,..,..,..,..,..,..,..,..,..,..,..,..,..,..,..,..,..,..,..,..,..,..,..,..,..,..,..,..,..,..,..,..,..,..,..,..,..,..,..,..,..,..,..,..,..,..,..,..,..,..,..,..,..,..,..,..,..,..,..,..,..,..,..,..,..,..,..,..
"....Davao de Oro (Compostela Valley)","Green Corn (Maize, green), Yellow",..,..,..,..,..,..,..,..,..,..,..,..,..,..,..,..,..,..,..,..,..,..,..,..,..,..,..,..,..,..,..,..,..,..,..,..,..,..,..,..,..,..,..,..,..,..,..,..,..,..,..,..,..,..,..,..,..,..,..,..,..,..,..,..,..,..,..,..,..,..,..,..,..,..,..,..,..,..,..,..,..,..,..,..,..,..,..,..,..,..,..,..,..,..,..,..,..,..,..,..,..,..,..,..,..,..,..,..,..,..,..,..,..,..,..,..,..,..,..,..,..,..,..,..,..,..,..,..,..,..,..,..,..,..,..,..,..,..,..,..,..,..,..
"....Davao del Norte","Palay [Paddy] Fancy, dry (conv. to 14% mc)",..,..,..,..,..,..,..,..,..,..,..,..,..,..,..,..,..,..,..,..,..,..,..,..,..,..,..,..,..,..,..,..,..,..,..,..,..,..,..,..,..,..,..,..,..,..,..,..,..,..,..,..,..,..,..,..,..,..,..,..,..,..,..,..,..,..,..,..,..,..,..,..,..,..,..,..,..,..,..,..,..,..,..,..,..,..,..,..,..,..,..,..,..,..,..,..,..,..,..,..,..,..,..,..,..,..,..,..,..,..,..,..,..,..,..,..,..,..,..,..,..,..,..,..,..,..,..,..,..,..,..,..,..,..,..,..,..,..,..,..,..,..,..
"....Davao del Norte","Palay [Paddy] Other Variety, dry (conv. to 14% mc)",18.37,18.39,18.13,18.00,19.98,19.66,19.99,19.79,20.56,19.44,19.59,19.13,19.25,18.67,17.00,17.63,18.23,19.70,19.35,19.60,19.85,19.74,19.29,19.47,20.55,19.09,16.44,19.51,20.11,20.48,21.84,19.93,20.22,21.68,20.34,16.69,17.89,21.30,19.70,20.90,20.68,20.88,20.91,23.10,22.54,22.62,21.48,23.95,18.54,19.93,21.57,21.43,21.58,22.07,22.69,21.29,20.44,23.60,22.73,24.17,24.11,21.14,21.05,21.81,22.22,22.37,21.50,19.04,17.66,17.04,18.77,21.41,17.48,17.00,16.55,16.28,18.18,18.61,19.63,17.26,20.20,22.66,19.40,17.33,18.74,17.11,14.85,14.57,14.76,16.07,17.72,17.86,17.69,19.98,19.29,18.20,18.20,..,17.55,16.02,14.50,20.04,16.06,17.76,16.82,17.13,17.84,17.45,15.88,15.01,17.15,17.56,17.06,16.84,16.90,16.10,16.81,16.82,18.95,19.63,19.66,19.18,18.43,17.48,23.08,20.85,20.35,19.04,21.90,19.61,23.15,25.56,..,..,..,..,..,..,..,..,..,..,..
"....Davao del Norte","Corngrain [Maize] White, matured",13.28,13.44,13.42,14.33,15.29,15.04,13.60,11.67,11.73,11.62,11.07,10.31,12.90,9.31,9.82,12.11,12.51,13.07,13.64,14.57,12.28,11.15,12.16,11.55,11.03,11.93,11.08,13.64,13.99,14.80,14.35,15.16,15.49,10.96,9.87,9.55,9.49,7.82,12.18,8.88,10.72,10.51,10.68,11.49,12.90,12.62,14.98,14.63,18.11,19.15,13.55,13.19,15.78,17.37,16.47,18.25,16.93,14.62,13.60,13.12,11.41,13.28,13.42,13.92,14.85,12.25,12.56,14.85,15.19,15.10,13.91,13.23,12.83,13.38,11.82,12.05,11.31,13.21,9.53,11.03,11.22,13.18,11.97,11.59,13.62,15.58,10.99,11.76,10.51,11.11,11.84,11.08,10.82,12.97,14.14,17.13,17.19,16.93,16.66,16.93,16.33,16.48,15.80,15.21,15.79,14.46,16.24,17.27,18.57,17.24,18.60,19.43,19.96,21.27,19.39,21.11,18.28,18.07,16.69,17.65,19.07,21.37,19.01,16.37,17.79,18.49,18.58,17.28,18.85,18.27,..,..,..,..,..,..,..,..,..,..,..,..,..
"....Davao del Norte","Corngrain [Maize] Yellow, matured",..,..,..,..,..,..,..,..,..,..,..,..,..,..,..,..,..,..,..,..,..,..,..,..,..,..,..,..,..,..,..,..,..,..,..,..,..,..,..,..,..,..,..,..,..,..,..,..,..,..,..,..,..,..,..,..,..,..,..,..,..,..,..,..,..,..,..,..,..,..,..,..,..,..,..,..,..,..,..,..,..,..,..,..,..,..,..,..,..,..,..,..,..,..,..,..,..,..,..,..,..,..,..,..,..,..,..,..,..,..,..,..,..,..,..,..,..,..,..,..,..,..,..,..,..,..,..,..,..,..,..,..,..,..,..,..,..,..,..,..,..,..,..
"....Davao del Norte","Green Corn (Maize, green), White",..,..,..,..,..,..,..,..,..,..,..,..,..,..,..,..,..,..,..,..,..,..,..,..,..,..,..,..,..,..,..,..,..,..,..,..,..,..,..,..,..,..,..,..,..,..,..,..,..,..,..,..,..,..,..,..,..,..,..,..,..,..,..,..,..,..,..,..,..,..,..,..,..,..,..,..,..,..,..,..,..,..,..,..,..,..,..,..,..,..,..,..,..,..,..,..,..,..,..,..,..,..,..,..,..,..,..,..,..,..,..,..,..,..,..,..,..,..,..,..,..,..,..,..,..,..,..,..,..,..,..,..,..,..,..,..,..,..,..,..,..,..,..
"....Davao del Norte","Green Corn (Maize, green), Yellow",..,..,..,..,..,..,..,..,..,..,..,..,..,..,..,..,..,..,..,..,..,..,..,..,..,..,..,..,..,..,..,..,..,..,..,..,..,..,..,..,..,..,..,..,..,..,..,..,..,..,..,..,..,..,..,..,..,..,..,..,..,..,..,..,..,..,..,..,..,..,..,..,..,..,..,..,..,..,..,..,..,..,..,..,..,..,..,..,..,..,..,..,..,..,..,..,..,..,..,..,..,..,..,..,..,..,..,..,..,..,..,..,..,..,..,..,..,..,..,..,..,..,..,..,..,..,..,..,..,..,..,..,..,..,..,..,..,..,..,..,..,..,..
"....Davao del Sur","Palay [Paddy] Fancy, dry (conv. to 14% mc)",..,..,..,..,..,..,..,..,..,..,..,..,..,..,..,..,..,..,..,..,..,..,..,..,..,..,..,..,..,..,..,..,..,..,..,..,..,..,..,..,..,..,..,..,..,..,..,..,..,..,..,..,..,..,..,..,..,..,..,..,..,..,..,..,..,..,..,..,..,..,..,..,..,..,..,..,..,..,..,..,..,..,..,..,..,..,..,..,..,..,..,..,..,..,..,..,..,..,..,..,..,..,..,..,..,..,..,..,..,..,..,..,..,..,..,..,..,..,..,..,..,..,..,..,..,..,..,..,..,..,..,..,..,..,..,..,..,..,..,..,..,..,..
"....Davao del Sur","Palay [Paddy] Other Variety, dry (conv. to 14% mc)",18.94,19.79,20.58,20.91,21.52,21.65,21.20,19.79,20.63,21.34,21.53,20.12,20.67,20.11,18.46,19.58,19.92,19.94,18.86,19.71,20.38,19.25,19.33,19.78,19.87,19.60,20.39,21.29,21.67,20.09,19.85,..,..,20.86,20.26,19.72,18.30,..,20.27,24.35,23.28,21.47,21.02,18.77,23.10,23.44,21.67,20.50,21.07,21.40,23.18,21.94,22.08,22.57,23.35,24.23,24.75,23.32,22.44,27.02,25.15,20.60,19.95,21.66,23.09,21.96,21.93,17.79,18.10,16.58,17.39,15.18,18.13,16.75,17.40,17.72,18.14,18.09,18.69,17.66,20.64,21.82,19.95,18.19,18.95,18.47,16.50,12.93,14.29,14.04,17.68,14.99,18.30,19.59,18.25,18.27,19.74,18.98,18.92,16.32,14.35,15.20,16.71,17.47,15.66,17.94,19.25,20.29,18.52,18.74,17.99,18.25,18.10,18.46,18.18,19.15,18.38,18.27,20.42,20.25,21.91,21.23,21.02,19.18,27.21,22.08,24.63,24.63,22.79,21.97,25.61,27.43,..,..,..,..,..,..,..,..,..,..,..
"....Davao del Sur","Corngrain [Maize] White, matured",13.51,14.07,14.10,16.34,15.12,15.40,14.86,13.89,12.98,12.62,12.05,10.30,13.77,8.92,10.07,10.76,12.94,14.98,15.35,14.73,11.61,12.53,13.39,12.16,12.64,12.51,10.81,14.45,12.68,14.86,13.94,14.91,14.50,9.66,9.47,8.35,8.26,..,11.99,7.64,9.60,11.03,10.61,11.86,11.81,12.58,13.78,15.12,17.74,19.66,17.95,13.28,15.16,15.85,17.30,16.45,16.33,17.86,14.58,12.63,11.04,12.32,11.39,13.27,14.52,12.57,11.61,13.36,14.75,14.54,11.83,12.23,12.40,10.80,10.84,10.46,12.02,12.28,10.39,9.53,10.75,11.59,13.32,13.54,13.55,11.94,9.48,11.67,11.99,11.77,11.63,11.40,14.90,16.89,12.98,13.50,15.34,16.42,19.22,19.71,17.46,17.57,20.58,16.33,17.47,16.40,16.93,16.70,17.24,19.36,18.99,18.38,21.01,23.12,20.75,17.75,18.68,18.51,18.28,16.70,20.13,18.15,18.67,17.80,16.94,17.11,17.84,20.16,16.74,18.09,..,..,..,..,..,..,..,..,..,..,..,..,..
"....Davao del Sur","Corngrain [Maize] Yellow, matured",..,..,..,..,..,..,..,..,..,..,..,..,..,..,..,..,..,..,..,..,..,..,..,..,..,..,..,..,..,..,..,..,..,..,..,..,..,..,..,..,..,..,..,..,..,..,..,..,..,..,..,..,..,..,..,..,..,..,..,..,..,..,..,..,..,..,..,..,..,..,..,..,..,..,..,..,..,..,11.73,9.14,10.32,10.00,9.79,11.02,9.11,11.55,10.15,10.22,10.03,9.62,10.22,10.19,..,..,..,..,..,..,..,..,..,..,..,10.19,..,..,..,..,..,..,..,..,..,..,..,..,..,..,..,..,..,..,..,..,..,..,..,..,..,..,..,..,..,..,..,..,..,..,..,..,..,..,..
"....Davao del Sur","Green Corn (Maize, green), White",..,..,..,..,..,..,..,..,..,..,..,..,..,..,..,..,..,..,..,..,..,..,..,..,..,..,..,..,..,..,..,..,..,..,..,..,..,..,..,..,..,..,..,..,..,..,..,..,..,..,..,..,..,..,..,..,..,..,..,..,..,..,..,..,..,..,..,..,..,..,..,..,..,..,..,..,..,..,..,..,..,..,..,..,..,..,..,..,..,..,..,..,..,..,..,..,..,..,..,..,..,..,..,..,..,..,..,..,..,..,..,..,..,..,..,..,..,..,..,..,..,..,..,..,..,..,..,..,..,..,..,..,..,..,..,..,..,..,..,..,..,..,..
"....Davao del Sur","Green Corn (Maize, green), Yellow",..,..,..,..,..,..,..,..,..,..,..,..,..,..,..,..,..,..,..,..,..,..,..,..,..,..,..,..,..,..,..,..,..,..,..,..,..,..,..,..,..,..,..,..,..,..,..,..,..,..,..,..,..,..,..,..,..,..,..,..,..,..,..,..,..,..,..,..,..,..,..,..,..,..,..,..,..,..,..,..,..,..,..,..,..,..,..,..,..,..,..,..,..,..,..,..,..,..,..,..,..,..,..,..,..,..,..,..,..,..,..,..,..,..,..,..,..,..,..,..,..,..,..,..,..,..,..,..,..,..,..,..,..,..,..,..,..,..,..,..,..,..,..
"....Davao Occidental","Palay [Paddy] Fancy, dry (conv. to 14% mc)",..,..,..,..,..,..,..,..,..,..,..,..,..,..,..,..,..,..,..,..,..,..,..,..,..,..,..,..,..,..,..,..,..,..,..,..,..,..,..,..,..,..,..,..,..,..,..,..,..,..,..,..,..,..,..,..,..,..,..,..,..,..,..,..,..,..,..,..,..,..,..,..,..,..,..,..,..,..,..,..,..,..,..,..,..,..,..,..,..,..,..,..,..,..,..,..,..,..,..,..,..,..,..,..,..,..,..,..,..,..,..,..,..,..,..,..,..,..,..,..,..,..,..,..,..,..,..,..,..,..,..,..,..,..,..,..,..,..,..,..,..,..,..
"....Davao Occidental","Palay [Paddy] Other Variety, dry (conv. to 14% mc)",..,..,..,..,..,..,..,..,..,..,..,..,..,..,..,..,..,..,..,..,..,..,..,..,..,..,..,..,..,..,..,..,..,..,..,..,..,..,..,..,..,..,..,..,..,..,..,..,..,..,..,..,..,..,..,..,..,..,..,..,..,..,..,..,..,..,..,..,..,..,..,..,..,..,..,..,..,..,..,..,..,..,..,..,..,..,..,..,..,..,..,..,..,..,..,..,..,..,..,..,..,..,..,..,..,..,..,..,..,..,..,..,..,..,..,..,..,..,..,..,..,..,..,..,..,..,..,..,..,..,..,..,..,..,..,..,..,..,..,..,..,..,..
"....Davao Occidental","Corngrain [Maize] White, matured",..,..,..,..,..,..,..,..,..,..,..,..,..,..,..,..,..,..,..,..,..,..,..,..,..,..,..,..,..,..,..,..,..,..,..,..,..,..,..,..,..,..,..,..,..,..,..,..,..,..,..,..,..,..,..,..,..,..,..,..,..,..,..,..,..,..,..,..,..,..,..,..,..,..,..,..,..,..,..,8.55,11.24,9.57,12.35,9.84,9.90,10.25,8.79,9.67,8.47,10.95,9.96,9.34,8.95,10.63,8.74,14.28,16.17,15.83,14.38,15.88,15.59,16.03,13.59,13.28,11.21,13.05,14.52,14.66,16.47,16.72,18.32,17.92,17.07,19.03,19.27,18.21,16.37,17.09,17.41,17.01,16.56,18.00,17.39,16.59,17.07,15.29,17.73,17.36,17.61,17.09,..,..,..,..,..,..,..,..,..,..,..,..,..
"....Davao Occidental","Corngrain [Maize] Yellow, matured",..,..,..,..,..,..,..,..,..,..,..,..,..,..,..,..,..,..,..,..,..,..,..,..,..,..,..,..,..,..,..,..,..,..,..,..,..,..,..,..,..,..,..,..,..,..,..,..,..,..,..,..,..,..,..,..,..,..,..,..,..,..,..,..,..,..,..,..,..,..,..,..,..,..,..,..,..,..,..,..,..,..,..,..,..,..,..,..,..,..,..,..,..,..,..,..,..,..,..,..,..,..,..,..,..,..,..,..,..,..,..,..,..,..,..,..,..,..,..,..,..,..,..,..,..,..,..,..,..,..,..,..,..,..,..,..,..,..,..,..,..,..,..
"....Davao Occidental","Green Corn (Maize, green), White",..,..,..,..,..,..,..,..,..,..,..,..,..,..,..,..,..,..,..,..,..,..,..,..,..,..,..,..,..,..,..,..,..,..,..,..,..,..,..,..,..,..,..,..,..,..,..,..,..,..,..,..,..,..,..,..,..,..,..,..,..,..,..,..,..,..,..,..,..,..,..,..,..,..,..,..,..,..,..,..,..,..,..,..,..,..,..,..,..,..,..,..,..,..,..,..,..,..,..,..,..,..,..,..,..,..,..,..,..,..,..,..,..,..,..,..,..,..,..,..,..,..,..,..,..,..,..,..,..,..,..,..,..,..,..,..,..,..,..,..,..,..,..
"....Davao Occidental","Green Corn (Maize, green), Yellow",..,..,..,..,..,..,..,..,..,..,..,..,..,..,..,..,..,..,..,..,..,..,..,..,..,..,..,..,..,..,..,..,..,..,..,..,..,..,..,..,..,..,..,..,..,..,..,..,..,..,..,..,..,..,..,..,..,..,..,..,..,..,..,..,..,..,..,..,..,..,..,..,..,..,..,..,..,..,..,..,..,..,..,..,..,..,..,..,..,..,..,..,..,..,..,..,..,..,..,..,..,..,..,..,..,..,..,..,..,..,..,..,..,..,..,..,..,..,..,..,..,..,..,..,..,..,..,..,..,..,..,..,..,..,..,..,..,..,..,..,..,..,..
"....Davao Oriental","Palay [Paddy] Fancy, dry (conv. to 14% mc)",..,..,..,..,..,..,..,..,..,..,..,..,..,..,..,..,..,..,..,..,..,..,..,..,..,..,..,..,..,..,..,..,..,..,..,..,..,..,..,..,..,..,..,..,..,..,..,..,..,..,..,..,..,..,..,..,..,..,..,..,..,..,..,..,..,..,..,..,..,..,..,..,..,..,..,..,..,..,..,..,..,..,..,..,..,..,..,..,..,..,..,..,..,..,..,..,..,..,..,..,..,..,..,..,..,..,..,..,..,..,..,..,..,..,..,..,..,..,..,..,..,..,..,..,..,..,..,..,..,..,..,..,..,..,..,..,..,..,..,..,..,..,..
"....Davao Oriental","Palay [Paddy] Other Variety, dry (conv. to 14% mc)",17.76,18.00,18.80,20.43,18.98,19.10,18.78,19.81,19.13,19.08,19.77,19.88,19.13,19.30,18.52,19.77,19.68,18.34,17.58,18.49,18.61,17.97,17.65,17.83,18.69,18.54,17.72,18.03,18.86,20.27,20.24,19.98,20.11,18.96,18.82,17.54,17.72,17.22,18.79,17.77,19.08,18.71,20.03,21.32,21.50,21.27,19.97,21.37,20.16,21.33,20.43,20.25,20.58,21.38,21.44,22.27,21.92,21.29,21.25,23.34,22.86,20.72,20.21,19.57,21.40,22.16,21.22,19.58,17.21,18.01,18.34,18.49,18.68,17.30,17.04,16.36,17.55,18.50,17.72,17.16,19.05,22.15,22.17,22.00,22.53,22.07,14.12,15.39,14.74,17.43,18.88,15.76,17.18,17.11,17.52,17.58,17.98,18.82,18.58,16.99,16.15,17.86,16.24,17.31,17.98,18.14,16.09,16.81,19.12,18.92,18.83,19.08,17.69,16.81,17.60,17.74,17.90,17.43,17.36,17.45,18.52,19.67,20.45,23.07,24.04,22.36,23.21,24.23,24.85,21.05,22.74,23.53,..,..,..,..,..,..,..,..,..,..,..
"....Davao Oriental","Corngrain [Maize] White, matured",12.78,13.72,14.66,15.23,14.80,14.51,14.23,12.77,13.36,10.52,11.19,10.88,13.22,11.40,11.12,13.02,13.45,13.76,16.01,14.47,14.41,13.16,12.94,12.35,12.22,13.19,10.86,12.23,13.10,14.30,13.93,14.33,13.14,11.96,11.04,9.29,8.92,7.14,11.69,8.69,10.61,10.65,11.42,14.43,14.00,13.01,13.88,15.14,16.05,17.11,15.81,13.40,14.84,17.92,16.46,16.55,15.35,12.23,11.26,12.04,12.56,11.67,12.91,13.01,13.90,11.21,12.51,12.66,14.77,13.69,13.83,13.75,12.84,11.74,11.56,11.25,10.81,12.55,11.04,10.94,10.91,14.76,14.51,10.71,10.52,11.75,11.22,11.62,11.38,8.39,11.48,11.95,11.91,11.42,14.07,16.63,15.28,16.45,17.78,17.77,17.05,15.80,13.95,15.01,14.31,15.30,15.05,15.82,16.02,15.08,12.84,18.86,17.97,18.88,18.96,16.85,16.33,16.59,16.16,16.31,14.53,14.51,15.68,15.57,15.83,16.05,16.69,17.05,17.42,16.03,..,..,..,..,..,..,..,..,..,..,..,..,..
"....Davao Oriental","Corngrain [Maize] Yellow, matured",..,..,..,..,..,..,..,..,..,..,..,..,..,..,..,..,..,..,..,..,..,..,..,..,..,..,..,..,..,..,..,..,..,..,..,..,..,..,..,..,..,..,..,..,..,..,..,..,..,..,..,..,..,..,..,..,..,..,..,..,..,..,..,..,..,..,..,..,..,..,..,..,..,..,..,..,..,..,..,..,..,..,..,..,..,..,..,..,..,..,..,..,..,..,..,..,..,..,..,..,..,..,..,..,..,..,..,..,..,..,..,..,..,..,..,..,..,..,..,..,..,..,..,..,..,..,..,..,..,..,..,..,..,..,..,..,..,..,..,..,..,..,..
"....Davao Oriental","Green Corn (Maize, green), White",..,..,..,..,..,..,..,..,..,..,..,..,..,..,..,..,..,..,..,..,..,..,..,..,..,..,..,..,..,..,..,..,..,..,..,..,..,..,..,..,..,..,..,..,..,..,..,..,..,..,..,..,..,..,..,..,..,..,..,..,..,..,..,..,..,..,..,..,..,..,..,..,..,..,..,..,..,..,..,..,..,..,..,..,..,..,..,..,..,..,..,..,..,..,..,..,..,..,..,..,..,..,..,..,..,..,..,..,..,..,..,..,..,..,..,..,..,..,..,..,..,..,..,..,..,..,..,..,..,..,..,..,..,..,..,..,..,..,..,..,..,..,..
"....Davao Oriental","Green Corn (Maize, green), Yellow",..,..,..,..,..,..,..,..,..,..,..,..,..,..,..,..,..,..,..,..,..,..,..,..,..,..,..,..,..,..,..,..,..,..,..,..,..,..,..,..,..,..,..,..,..,..,..,..,..,..,..,..,..,..,..,..,..,..,..,..,..,..,..,..,..,..,..,..,..,..,..,..,..,..,..,..,..,..,..,..,..,..,..,..,..,..,..,..,..,..,..,..,..,..,..,..,..,..,..,..,..,..,..,..,..,..,..,..,..,..,..,..,..,..,..,..,..,..,..,..,..,..,..,..,..,..,..,..,..,..,..,..,..,..,..,..,..,..,..,..,..,..,..
"....City of Davao","Palay [Paddy] Fancy, dry (conv. to 14% mc)",..,..,..,..,..,..,..,..,..,..,..,..,..,..,..,..,..,..,..,..,..,..,..,..,..,..,..,..,..,..,..,..,..,..,..,..,..,..,..,..,..,..,..,..,..,..,..,..,..,..,..,..,..,..,..,..,..,..,..,..,..,..,..,..,..,..,..,..,..,..,..,..,..,..,..,..,..,..,..,..,..,..,..,..,..,..,..,..,..,..,..,..,..,..,..,..,..,..,..,..,..,..,..,..,..,..,..,..,..,..,..,..,..,..,..,..,..,..,..,..,..,..,..,..,..,..,..,..,..,..,..,..,..,..,..,..,..,..,..,..,..,..,..
"....City of Davao","Palay [Paddy] Other Variety, dry (conv. to 14% mc)",17.22,17.94,18.42,18.53,19.75,20.02,18.85,20.15,19.35,18.66,18.67,17.72,18.77,15.81,14.83,16.56,17.32,16.95,16.79,17.07,17.61,18.18,17.55,16.81,17.34,16.90,17.41,17.96,18.27,19.72,19.07,18.96,20.44,19.38,19.02,16.08,20.48,13.52,18.36,15.76,16.78,17.51,16.31,18.21,16.85,17.68,17.22,17.42,16.92,18.43,17.58,17.22,17.65,17.64,18.50,19.82,20.05,18.07,17.40,21.85,20.52,20.06,19.07,18.49,19.09,18.71,19.44,16.50,19.52,20.52,19.90,17.88,16.19,16.50,15.73,13.12,13.18,17.27,14.16,13.14,13.58,14.09,14.99,17.58,14.57,14.19,13.37,13.63,13.75,16.55,14.47,12.46,13.07,15.27,14.00,15.33,15.04,15.09,15.60,15.18,13.58,14.99,15.28,14.57,14.01,14.89,14.40,14.67,16.40,15.25,15.64,15.88,15.17,15.61,15.12,15.73,15.23,15.60,15.42,15.14,15.12,16.11,15.78,16.72,17.08,18.67,18.88,19.29,19.64,16.95,17.60,17.58,..,..,..,..,..,..,..,..,..,..,..
"....City of Davao","Corngrain [Maize] White, matured",14.67,14.71,15.55,15.40,16.01,16.92,15.16,13.76,13.45,13.70,13.23,12.58,14.60,12.00,11.32,13.45,14.08,15.94,15.37,15.63,13.54,12.96,14.86,13.94,12.85,13.83,12.57,13.82,14.06,15.36,15.82,15.60,12.73,13.14,11.81,11.56,9.79,9.84,13.01,7.59,9.01,10.93,10.42,10.69,11.26,11.39,11.96,13.72,15.20,16.25,13.97,11.87,16.28,15.84,16.15,15.94,16.50,13.80,13.51,11.62,12.32,13.53,13.39,12.79,14.31,12.06,11.28,12.82,12.79,12.54,14.01,14.13,13.61,12.92,12.38,12.08,13.06,12.81,11.95,12.04,11.59,13.20,13.15,13.40,13.80,13.67,13.98,13.77,12.13,12.54,12.94,12.43,13.04,13.82,12.86,13.61,14.21,13.50,14.78,15.17,15.14,14.60,15.23,14.03,14.44,14.47,14.85,16.98,16.30,16.95,16.48,16.63,16.91,18.10,20.05,17.87,16.67,17.67,16.35,15.47,17.04,17.17,17.84,17.66,18.44,16.26,17.22,16.87,17.43,17.12,..,..,..,..,..,..,..,..,..,..,..,..,..
"....City of Davao","Corngrain [Maize] Yellow, matured",11.86,12.10,12.68,12.98,13.88,14.64,13.99,13.63,13.11,13.67,14.10,13.09,13.31,11.83,11.13,12.43,13.07,13.57,13.19,13.20,12.14,11.19,11.39,11.10,11.48,12.14,10.89,11.81,12.98,13.58,14.04,14.52,11.22,10.04,10.64,10.43,11.52,11.38,11.92,9.73,10.25,10.64,10.26,10.80,10.67,10.42,10.93,11.53,13.51,13.94,13.25,11.33,14.10,16.20,14.17,14.19,14.58,13.07,12.91,12.38,12.71,12.88,13.58,13.33,13.68,12.49,12.71,13.42,12.32,12.27,13.88,13.23,12.52,13.19,12.60,11.80,11.18,12.63,10.70,10.69,10.17,11.00,11.29,13.22,11.70,11.65,12.54,11.21,11.24,10.02,11.29,9.91,10.81,11.99,12.54,11.85,11.81,11.92,12.55,13.54,13.07,13.15,13.90,12.25,13.20,12.96,13.59,14.62,13.74,14.21,13.52,13.93,14.32,15.04,14.06,15.86,14.09,16.18,15.56,13.72,15.86,15.19,15.93,16.06,16.66,14.15,14.42,15.03,13.84,15.22,..,..,..,..,..,..,..,..,..,..,..,..,..
"....City of Davao","Green Corn (Maize, green), White",..,..,..,..,..,..,..,..,..,..,..,..,..,..,..,..,..,..,..,..,..,..,..,..,..,..,..,..,..,..,..,..,..,..,..,..,..,..,..,..,..,..,..,..,..,..,..,..,..,..,..,..,..,..,..,..,..,..,..,..,..,..,..,..,..,..,..,..,..,..,..,..,..,..,..,..,..,..,..,..,..,..,..,..,..,..,..,..,..,..,..,..,..,..,..,..,..,..,..,..,..,..,..,..,..,..,..,..,..,..,..,..,..,..,..,..,..,..,..,..,..,..,..,..,..,..,..,..,..,..,..,..,..,..,..,..,..,..,..,..,..,..,..
"....City of Davao","Green Corn (Maize, green), Yellow",..,..,..,..,..,..,..,..,..,..,..,..,..,..,..,..,..,..,..,..,..,..,..,..,..,..,..,..,..,..,..,..,..,..,..,..,..,..,..,..,..,..,..,..,..,..,..,..,..,..,..,..,..,..,..,..,..,..,..,..,..,..,..,..,..,..,..,..,..,..,..,..,..,..,..,..,..,..,..,..,..,..,..,..,..,..,..,..,..,..,..,..,..,..,..,..,..,..,..,..,..,..,..,..,..,..,..,..,..,..,..,..,..,..,..,..,..,..,..,..,..,..,..,..,..,..,..,..,..,..,..,..,..,..,..,..,..,..,..,..,..,..,..
"..REGION XII (SOCCSKSARGEN)","Palay [Paddy] Fancy, dry (conv. to 14% mc)",..,..,..,..,..,..,23.21,21.40,19.73,19.26,..,..,20.90,..,..,..,..,..,..,19.42,19.17,20.03,19.28,..,..,19.48,..,..,..,..,..,..,20.72,20.54,16.75,14.11,..,..,18.03,..,..,..,..,..,..,18.25,19.30,19.81,16.43,..,..,18.45,..,..,..,..,..,..,23.03,20.00,20.96,22.37,..,..,21.59,..,..,..,..,..,..,14.20,16.21,16.32,13.71,..,..,15.11,..,..,..,..,..,..,..,15.36,18.81,18.00,..,..,17.39,..,..,..,..,..,..,17.52,17.26,14.94,..,..,..,16.57,..,..,..,..,..,..,..,..,..,..,..,..,..,..,..,..,..,..,..,..,..,..,..,..,..,..,..,..,..,..,..,..,..,..,..,..,..,..,..
"..REGION XII (SOCCSKSARGEN)","Palay [Paddy] Other Variety, dry (conv. to 14% mc)",18.47,18.89,19.48,19.99,20.44,20.91,21.66,18.49,18.20,18.22,18.39,17.91,19.25,16.13,16.86,18.47,19.42,18.65,18.63,18.84,19.01,18.71,17.45,18.00,18.22,18.20,18.31,19.26,20.22,20.11,20.34,20.79,19.88,19.24,18.04,14.02,16.79,17.50,18.71,17.83,18.31,19.22,18.57,19.70,19.04,19.40,18.78,18.90,18.81,18.87,18.49,18.83,19.29,20.87,20.85,20.88,20.49,20.64,21.43,21.96,20.14,18.51,17.53,17.20,19.98,16.11,17.50,16.54,16.76,15.96,16.10,15.88,15.20,14.71,14.11,14.31,14.54,15.64,14.88,15.09,16.95,17.86,19.00,17.97,17.73,15.54,13.93,14.58,14.89,14.63,16.09,15.21,15.26,15.73,17.07,16.69,16.54,17.74,16.03,15.47,15.84,16.30,16.31,16.18,16.11,16.24,17.35,18.30,17.39,18.01,18.44,17.09,16.51,17.44,17.23,17.32,17.29,17.35,18.02,18.57,19.07,19.25,19.60,20.25,22.92,18.80,20.73,21.62,22.60,19.90,23.42,24.11,..,..,..,..,..,..,..,..,..,..,..
"..REGION XII (SOCCSKSARGEN)","Corngrain [Maize] White, matured",13.78,13.62,15.14,15.54,16.53,16.41,14.15,12.65,12.83,13.08,12.38,11.86,14.00,10.32,11.60,13.60,14.17,15.24,15.64,15.32,12.44,12.78,13.05,12.67,11.44,13.19,11.78,14.33,14.39,15.10,15.58,15.29,14.14,11.32,10.28,8.80,8.93,8.13,12.34,8.23,10.86,10.77,10.83,12.56,12.03,13.05,13.68,15.51,17.72,17.98,14.79,13.17,16.08,17.34,17.47,17.17,16.70,14.13,13.62,13.22,13.19,13.50,13.13,12.90,14.87,12.11,12.79,14.48,14.16,13.82,14.51,13.60,13.38,12.45,11.70,11.44,11.77,13.02,11.12,10.75,12.34,13.99,13.07,12.86,13.48,12.98,11.23,11.25,11.47,11.75,12.19,12.24,12.71,14.02,15.11,16.55,17.44,17.81,17.11,17.78,17.01,17.23,16.63,15.97,16.92,17.01,18.04,18.31,18.69,18.71,20.35,20.18,20.94,21.29,20.63,18.67,19.15,16.62,17.66,18.25,18.35,19.27,18.54,18.20,16.60,17.30,18.81,17.91,18.81,18.03,..,..,..,..,..,..,..,..,..,..,..,..,..
"..REGION XII (SOCCSKSARGEN)","Corngrain [Maize] Yellow, matured",11.72,11.79,12.36,12.85,13.63,14.17,13.56,12.88,12.99,13.45,13.23,12.15,12.90,11.09,11.42,12.01,12.56,12.72,12.50,12.47,10.97,10.14,10.25,10.58,10.61,11.44,10.70,12.39,12.88,13.25,13.54,13.42,13.38,11.26,10.52,9.98,9.60,9.61,11.71,9.65,9.82,10.38,10.28,10.61,10.44,10.68,10.71,10.85,13.04,13.32,13.13,11.08,13.90,15.05,15.14,15.09,13.71,13.36,13.60,13.65,13.27,13.71,13.77,13.71,14.00,12.83,13.33,13.58,13.73,13.66,13.68,13.80,12.63,11.70,11.13,10.57,10.92,12.63,11.65,10.55,10.71,11.17,11.83,12.51,12.85,12.51,10.08,9.91,10.59,11.37,11.31,11.84,11.83,12.35,12.94,13.95,15.25,15.96,16.38,17.33,18.06,18.01,17.81,15.14,15.46,16.08,16.77,18.26,18.25,18.73,20.14,19.38,20.55,20.30,19.89,17.88,18.47,15.55,16.87,16.74,16.70,17.36,16.56,16.09,15.41,15.18,15.21,14.70,15.63,16.00,..,..,..,..,..,..,..,..,..,..,..,..,..
"..REGION XII (SOCCSKSARGEN)","Green Corn (Maize, green), White",..,..,..,..,..,..,..,..,..,..,..,..,..,..,..,..,..,..,..,..,..,..,..,..,..,..,..,..,..,..,..,..,..,..,..,..,..,..,..,..,..,..,..,..,..,..,..,..,..,..,..,..,..,..,..,..,..,..,..,..,..,..,..,..,..,..,..,..,..,..,..,..,..,..,..,..,..,..,..,..,..,..,..,..,..,..,..,..,..,..,..,..,..,..,..,..,..,..,..,..,..,..,..,..,..,..,..,..,..,..,..,..,..,..,..,..,..,..,..,..,..,..,..,..,..,..,..,..,..,..,..,..,..,..,..,..,..,..,..,..,..,..,..
"..REGION XII (SOCCSKSARGEN)","Green Corn (Maize, green), Yellow",..,..,..,..,..,..,..,..,..,..,..,..,..,..,..,..,..,..,..,..,..,..,..,..,..,..,..,..,..,..,..,..,..,..,..,..,..,..,..,..,..,..,..,..,..,..,..,..,..,..,..,..,..,..,..,..,..,..,..,..,..,..,..,..,..,..,..,..,..,..,..,..,..,..,..,..,..,..,..,..,..,..,..,..,..,..,..,..,..,..,..,..,..,..,..,..,..,..,..,..,..,..,..,..,..,..,..,..,..,..,..,..,..,..,..,..,..,..,..,..,..,..,..,..,..,..,..,..,..,..,..,..,..,..,..,..,..,..,..,..,..,..,..
"....Cotabato (North Cotabato)","Palay [Paddy] Fancy, dry (conv. to 14% mc)",..,..,..,..,..,..,23.21,21.40,19.73,19.26,..,..,20.90,..,..,..,..,..,..,19.42,19.17,20.03,19.28,..,..,19.48,..,..,..,..,..,..,20.72,20.54,16.75,14.11,..,..,18.03,..,..,..,..,..,..,18.25,19.30,19.81,16.43,..,..,18.45,..,..,..,..,..,..,23.03,20.00,20.96,22.37,..,..,21.59,..,..,..,..,..,..,14.20,16.21,16.32,13.71,..,..,15.11,..,..,..,..,..,..,..,15.36,18.81,18.00,..,..,17.39,..,..,..,..,..,..,17.52,17.26,14.94,..,..,..,16.57,..,..,..,..,..,..,..,..,..,..,..,..,..,..,..,..,..,..,..,..,..,..,..,..,..,..,..,..,..,..,..,..,..,..,..,..,..,..,..
"....Cotabato (North Cotabato)","Palay [Paddy] Other Variety, dry (conv. to 14% mc)",18.29,19.27,19.49,19.86,20.61,21.27,23.25,18.50,18.81,18.70,18.75,17.62,19.54,16.11,17.15,18.83,19.65,18.95,18.69,18.68,19.99,20.04,17.15,18.44,18.64,18.53,18.71,19.61,20.98,20.20,19.85,20.31,20.59,20.17,17.60,14.49,17.79,17.47,18.98,18.17,18.45,18.94,17.87,19.36,18.61,19.05,19.21,18.35,18.47,18.42,18.07,18.58,19.46,20.40,21.40,23.01,20.52,19.54,21.62,23.15,19.18,17.81,16.75,16.87,19.98,15.41,17.68,16.49,17.11,15.29,15.58,15.59,15.41,16.98,15.07,14.55,14.47,15.80,14.64,14.79,18.89,15.07,19.13,16.63,16.06,13.77,13.59,15.86,16.44,15.61,15.87,16.37,16.25,14.66,16.79,17.14,16.94,17.24,16.92,16.06,14.98,14.99,15.97,16.19,16.03,16.58,17.31,16.83,17.09,17.76,17.74,16.14,16.67,16.79,17.01,16.04,16.83,16.76,18.19,18.71,18.85,18.68,18.67,19.98,22.88,18.64,18.94,18.40,21.34,19.17,21.91,22.81,..,..,..,..,..,..,..,..,..,..,..
"....Cotabato (North Cotabato)","Corngrain [Maize] White, matured",13.65,13.86,15.34,15.64,16.42,16.34,13.42,12.56,12.94,13.13,12.42,11.26,13.92,10.90,12.33,13.57,14.15,15.40,15.69,14.40,11.74,12.90,13.07,12.58,11.63,13.20,12.05,14.37,14.70,15.04,15.48,15.29,14.19,11.44,10.89,9.04,8.89,8.11,12.46,7.70,11.11,10.57,10.73,12.54,12.59,11.86,13.40,14.21,17.39,18.26,16.01,13.03,15.86,17.16,17.70,16.14,15.40,13.94,14.26,13.37,14.09,12.73,13.25,13.16,14.76,12.68,12.57,13.93,13.50,12.63,13.47,13.56,13.61,12.64,11.74,11.55,11.13,12.75,10.79,10.66,12.36,12.75,12.48,12.00,12.49,12.31,10.24,11.22,11.48,11.34,11.68,11.69,12.10,14.22,15.35,16.91,17.33,17.28,17.54,18.39,15.52,17.35,16.29,15.83,17.37,16.37,17.96,18.29,18.92,18.04,21.48,20.82,22.30,20.71,20.05,19.50,19.32,16.17,17.57,18.32,19.33,20.20,17.85,19.55,16.93,17.78,19.58,17.05,19.45,18.32,..,..,..,..,..,..,..,..,..,..,..,..,..
"....Cotabato (North Cotabato)","Corngrain [Maize] Yellow, matured",11.53,11.88,12.55,12.90,13.26,14.60,13.18,13.05,12.86,13.38,12.87,11.77,12.82,11.59,12.01,12.31,12.66,13.15,12.49,12.18,10.80,9.86,10.40,10.81,10.70,11.58,10.71,12.35,12.78,13.32,13.73,13.10,13.35,11.39,11.02,10.72,10.32,10.26,11.92,9.76,10.34,10.92,10.51,10.88,11.04,11.12,11.43,11.43,13.16,13.62,13.98,11.52,14.31,14.78,15.31,15.84,13.88,13.87,14.86,14.48,14.77,14.13,14.29,14.17,14.56,13.12,13.46,12.92,13.39,12.63,13.93,13.58,12.50,12.80,11.89,10.74,11.23,12.68,11.66,10.92,10.81,11.77,11.95,12.81,11.57,11.81,10.54,9.98,10.71,11.48,11.33,12.22,12.09,12.31,13.00,14.70,16.38,16.39,17.21,17.90,18.06,18.79,17.84,15.57,16.35,17.80,16.78,18.84,19.58,20.32,21.05,20.75,21.47,20.52,20.28,19.34,19.42,16.97,17.36,17.44,17.72,18.51,17.31,16.02,16.08,16.03,16.21,15.52,17.35,16.88,..,..,..,..,..,..,..,..,..,..,..,..,..
"....Cotabato (North Cotabato)","Green Corn (Maize, green), White",..,..,..,..,..,..,..,..,..,..,..,..,..,..,..,..,..,..,..,..,..,..,..,..,..,..,..,..,..,..,..,..,..,..,..,..,..,..,..,..,..,..,..,..,..,..,..,..,..,..,..,..,..,..,..,..,..,..,..,..,..,..,..,..,..,..,..,..,..,..,..,..,..,..,..,..,..,..,..,..,..,..,..,..,..,..,..,..,..,..,..,..,..,..,..,..,..,..,..,..,..,..,..,..,..,..,..,..,..,..,..,..,..,..,..,..,..,..,..,..,..,..,..,..,..,..,..,..,..,..,..,..,..,..,..,..,..,..,..,..,..,..,..
"....Cotabato (North Cotabato)","Green Corn (Maize, green), Yellow",..,..,..,..,..,..,..,..,..,..,..,..,..,..,..,..,..,..,..,..,..,..,..,..,..,..,..,..,..,..,..,..,..,..,..,..,..,..,..,..,..,..,..,..,..,..,..,..,..,..,..,..,..,..,..,..,..,..,..,..,..,..,..,..,..,..,..,..,..,..,..,..,..,..,..,..,..,..,..,..,..,..,..,..,..,..,..,..,..,..,..,..,..,..,..,..,..,..,..,..,..,..,..,..,..,..,..,..,..,..,..,..,..,..,..,..,..,..,..,..,..,..,..,..,..,..,..,..,..,..,..,..,..,..,..,..,..,..,..,..,..,..,..
"....Sarangani","Palay [Paddy] Fancy, dry (conv. to 14% mc)",..,..,..,..,..,..,..,..,..,..,..,..,..,..,..,..,..,..,..,..,..,..,..,..,..,..,..,..,..,..,..,..,..,..,..,..,..,..,..,..,..,..,..,..,..,..,..,..,..,..,..,..,..,..,..,..,..,..,..,..,..,..,..,..,..,..,..,..,..,..,..,..,..,..,..,..,..,..,..,..,..,..,..,..,..,..,..,..,..,..,..,..,..,..,..,..,..,..,..,..,..,..,..,..,..,..,..,..,..,..,..,..,..,..,..,..,..,..,..,..,..,..,..,..,..,..,..,..,..,..,..,..,..,..,..,..,..,..,..,..,..,..,..
"....Sarangani","Palay [Paddy] Other Variety, dry (conv. to 14% mc)",17.48,17.48,17.88,18.87,19.52,19.93,19.01,17.37,18.11,17.05,17.16,17.10,18.08,14.95,15.46,16.71,18.08,17.79,17.59,17.75,17.49,17.58,16.95,16.86,17.22,17.04,17.32,17.69,18.65,18.89,19.30,19.39,18.69,18.53,17.60,13.86,16.51,16.87,17.78,16.98,17.10,18.10,18.29,19.66,19.30,18.76,18.08,18.11,19.37,18.37,18.60,18.39,18.11,20.54,20.06,19.93,19.47,20.58,20.60,21.31,20.60,19.62,18.49,18.02,19.78,16.59,16.55,16.18,15.62,15.95,16.13,15.40,14.32,12.86,12.56,12.83,14.13,14.93,14.29,13.81,15.61,17.12,17.55,18.86,20.55,16.25,14.71,14.01,13.25,13.88,15.82,14.41,14.14,14.06,16.07,15.18,14.61,15.76,15.34,14.42,14.90,15.64,15.48,15.00,14.70,14.88,16.51,18.35,16.49,16.65,17.27,18.01,15.54,16.87,16.67,16.68,16.55,16.20,16.31,17.50,17.23,17.54,18.40,19.04,20.37,18.45,18.98,19.57,20.38,18.33,22.66,22.73,..,..,..,..,..,..,..,..,..,..,..
"....Sarangani","Corngrain [Maize] White, matured",12.91,13.06,15.25,15.64,16.92,16.66,14.49,12.88,13.21,13.36,11.93,11.84,14.01,9.86,10.91,13.57,14.32,15.57,15.90,15.55,10.76,12.86,12.22,12.36,11.53,12.95,11.46,14.22,14.57,15.05,15.80,16.32,14.06,11.30,10.09,8.35,8.81,7.43,12.29,7.90,10.70,10.72,11.35,12.42,12.67,13.28,14.31,16.69,18.51,19.24,14.75,13.55,16.91,16.31,16.72,16.64,16.00,14.28,13.06,12.88,13.06,13.06,12.83,13.23,14.58,11.57,12.98,15.17,14.03,13.94,15.44,14.66,13.93,11.82,11.84,11.78,12.32,13.29,11.11,10.55,13.73,13.95,13.73,12.81,13.40,14.21,11.47,11.37,11.84,11.98,12.51,12.48,12.95,14.30,15.67,16.76,16.94,17.34,17.07,16.88,18.52,17.70,16.16,16.06,15.68,15.12,17.56,18.49,18.54,18.73,20.22,19.78,20.41,22.90,21.82,17.60,18.90,17.38,18.82,18.13,17.60,18.83,18.59,18.10,17.79,17.44,18.12,18.17,18.23,18.10,..,..,..,..,..,..,..,..,..,..,..,..,..
"....Sarangani","Corngrain [Maize] Yellow, matured",11.52,11.48,12.18,12.50,14.01,14.33,13.65,12.68,13.28,13.37,13.13,11.68,12.82,11.00,11.38,12.01,12.19,12.35,12.27,12.44,10.00,9.89,10.02,10.19,10.35,11.17,10.41,12.42,12.86,12.99,13.00,13.13,12.81,11.29,10.36,9.42,9.20,9.24,11.43,9.26,9.70,9.79,10.54,10.55,10.23,10.69,10.18,11.11,12.71,12.18,12.95,10.82,13.46,14.15,14.56,14.13,13.14,12.66,12.60,13.13,12.60,13.42,13.10,13.24,13.35,12.70,13.05,14.60,13.53,13.93,13.07,13.97,12.67,10.20,11.00,10.45,10.78,12.50,11.15,10.54,10.92,10.62,11.24,11.75,12.92,13.42,10.06,10.18,10.60,11.34,11.23,11.82,11.84,12.53,12.57,13.34,12.85,14.14,15.33,15.15,17.35,16.96,15.48,14.11,14.91,14.81,15.20,16.72,16.01,18.10,19.70,18.93,19.98,20.46,19.80,16.11,17.56,14.44,15.75,15.26,14.68,16.62,15.11,15.09,15.68,15.47,14.32,14.52,14.43,15.11,..,..,..,..,..,..,..,..,..,..,..,..,..
"....Sarangani","Green Corn (Maize, green), White",..,..,..,..,..,..,..,..,..,..,..,..,..,..,..,..,..,..,..,..,..,..,..,..,..,..,..,..,..,..,..,..,..,..,..,..,..,..,..,..,..,..,..,..,..,..,..,..,..,..,..,..,..,..,..,..,..,..,..,..,..,..,..,..,..,..,..,..,..,..,..,..,..,..,..,..,..,..,..,..,..,..,..,..,..,..,..,..,..,..,..,..,..,..,..,..,..,..,..,..,..,..,..,..,..,..,..,..,..,..,..,..,..,..,..,..,..,..,..,..,..,..,..,..,..,..,..,..,..,..,..,..,..,..,..,..,..,..,..,..,..,..,..
"....Sarangani","Green Corn (Maize, green), Yellow",..,..,..,..,..,..,..,..,..,..,..,..,..,..,..,..,..,..,..,..,..,..,..,..,..,..,..,..,..,..,..,..,..,..,..,..,..,..,..,..,..,..,..,..,..,..,..,..,..,..,..,..,..,..,..,..,..,..,..,..,..,..,..,..,..,..,..,..,..,..,..,..,..,..,..,..,..,..,..,..,..,..,..,..,..,..,..,..,..,..,..,..,..,..,..,..,..,..,..,..,..,..,..,..,..,..,..,..,..,..,..,..,..,..,..,..,..,..,..,..,..,..,..,..,..,..,..,..,..,..,..,..,..,..,..,..,..,..,..,..,..,..,..
"....South Cotabato","Palay [Paddy] Fancy, dry (conv. to 14% mc)",..,..,..,..,..,..,..,..,..,..,..,..,..,..,..,..,..,..,..,..,..,..,..,..,..,..,..,..,..,..,..,..,..,..,..,..,..,..,..,..,..,..,..,..,..,..,..,..,..,..,..,..,..,..,..,..,..,..,..,..,..,..,..,..,..,..,..,..,..,..,..,..,..,..,..,..,..,..,..,..,..,..,..,..,..,..,..,..,..,..,..,..,..,..,..,..,..,..,..,..,..,..,..,..,..,..,..,..,..,..,..,..,..,..,..,..,..,..,..,..,..,..,..,..,..,..,..,..,..,..,..,..,..,..,..,..,..,..,..,..,..,..,..
"....South Cotabato","Palay [Paddy] Other Variety, dry (conv. to 14% mc)",19.65,20.06,21.12,21.50,21.68,22.57,23.34,18.95,18.47,19.45,19.62,19.70,20.51,17.94,17.69,19.37,20.12,19.29,19.63,20.56,20.35,19.30,19.02,19.44,19.01,19.31,18.99,20.63,21.17,21.07,22.15,21.83,19.50,19.49,18.49,13.70,17.78,18.57,19.45,18.62,19.99,21.09,19.00,20.59,19.23,20.96,19.24,20.21,20.13,20.74,19.21,19.92,20.63,22.48,21.18,19.63,21.45,22.35,22.33,22.38,21.35,18.19,17.44,17.51,20.58,16.02,18.31,17.35,18.43,16.17,16.90,16.64,16.99,16.05,15.77,15.76,15.72,16.68,16.23,16.29,18.43,20.05,20.84,19.55,18.54,18.05,14.33,13.24,14.73,14.37,17.05,15.10,15.97,17.22,17.99,17.22,17.78,20.45,15.65,16.78,18.11,18.53,17.61,17.37,18.50,17.83,18.69,20.01,18.40,19.28,20.25,18.57,17.64,20.04,18.81,19.95,19.00,19.86,20.16,19.97,20.95,21.64,21.78,20.95,24.54,19.60,24.16,24.14,25.31,21.92,25.32,26.49,..,..,..,..,..,..,..,..,..,..,..
"....South Cotabato","Corngrain [Maize] White, matured",15.44,14.53,15.60,16.29,17.03,17.09,15.62,13.03,12.94,13.31,13.12,11.98,14.67,10.78,11.78,14.24,15.07,15.27,15.84,15.85,14.07,13.71,14.07,13.20,11.45,13.78,12.75,15.04,14.52,15.89,16.40,13.90,13.97,11.67,10.63,9.00,9.32,9.01,12.68,9.86,11.74,11.10,11.51,13.96,11.44,15.86,14.54,17.00,17.83,19.90,14.53,14.11,16.94,18.90,18.03,18.21,18.24,14.53,13.31,14.48,13.29,15.31,13.52,12.94,15.64,12.22,13.37,15.76,15.72,14.95,14.53,13.66,13.76,12.61,11.74,11.84,12.43,13.55,11.47,11.50,12.88,15.60,14.46,13.77,15.77,13.26,12.29,11.74,12.30,12.62,13.14,13.05,13.41,14.35,15.01,17.57,18.58,21.09,18.00,19.45,18.74,17.68,17.60,17.04,16.19,16.57,18.90,18.71,19.21,19.72,19.71,19.10,21.49,23.04,21.51,18.53,19.39,17.13,18.67,19.06,18.65,19.73,19.74,18.25,17.57,18.63,20.34,18.97,20.07,18.90,..,..,..,..,..,..,..,..,..,..,..,..,..
"....South Cotabato","Corngrain [Maize] Yellow, matured",12.45,12.06,12.35,13.34,13.50,13.56,14.09,13.02,12.83,13.74,13.79,12.84,13.13,11.14,11.12,11.93,13.03,13.14,13.15,12.83,12.40,10.83,10.68,11.28,10.84,11.86,11.17,13.01,13.28,13.68,13.91,13.54,13.60,11.16,10.77,9.80,9.79,9.95,11.97,10.14,10.08,11.30,10.50,10.85,10.66,10.51,10.82,10.64,14.52,13.99,13.45,11.46,14.33,15.88,15.52,16.06,14.12,13.62,13.02,12.95,12.62,14.07,13.84,13.94,14.16,13.17,14.02,13.88,14.65,14.36,13.98,14.22,13.22,12.10,10.77,10.83,11.68,13.07,12.65,10.20,10.53,11.08,11.93,11.79,13.88,12.27,9.45,9.94,10.97,11.81,11.38,12.13,11.99,12.47,13.99,14.55,16.55,18.04,16.91,18.83,19.13,18.42,20.28,16.11,15.28,16.11,18.30,19.14,19.26,18.88,20.21,18.38,20.73,21.90,20.40,17.72,18.86,15.71,18.24,17.06,17.87,18.44,18.04,16.70,15.61,15.15,15.98,14.20,16.00,16.58,..,..,..,..,..,..,..,..,..,..,..,..,..
"....South Cotabato","Green Corn (Maize, green), White",..,..,..,..,..,..,..,..,..,..,..,..,..,..,..,..,..,..,..,..,..,..,..,..,..,..,..,..,..,..,..,..,..,..,..,..,..,..,..,..,..,..,..,..,..,..,..,..,..,..,..,..,..,..,..,..,..,..,..,..,..,..,..,..,..,..,..,..,..,..,..,..,..,..,..,..,..,..,..,..,..,..,..,..,..,..,..,..,..,..,..,..,..,..,..,..,..,..,..,..,..,..,..,..,..,..,..,..,..,..,..,..,..,..,..,..,..,..,..,..,..,..,..,..,..,..,..,..,..,..,..,..,..,..,..,..,..,..,..,..,..,..,..
"....South Cotabato","Green Corn (Maize, green), Yellow",..,..,..,..,..,..,..,..,..,..,..,..,..,..,..,..,..,..,..,..,..,..,..,..,..,..,..,..,..,..,..,..,..,..,..,..,..,..,..,..,..,..,..,..,..,..,..,..,..,..,..,..,..,..,..,..,..,..,..,..,..,..,..,..,..,..,..,..,..,..,..,..,..,..,..,..,..,..,..,..,..,..,..,..,..,..,..,..,..,..,..,..,..,..,..,..,..,..,..,..,..,..,..,..,..,..,..,..,..,..,..,..,..,..,..,..,..,..,..,..,..,..,..,..,..,..,..,..,..,..,..,..,..,..,..,..,..,..,..,..,..,..,..
"....Sultan Kudarat","Palay [Paddy] Fancy, dry (conv. to 14% mc)",..,..,..,..,..,..,..,..,..,..,..,..,..,..,..,..,..,..,..,..,..,..,..,..,..,..,..,..,..,..,..,..,..,..,..,..,..,..,..,..,..,..,..,..,..,..,..,..,..,..,..,..,..,..,..,..,..,..,..,..,..,..,..,..,..,..,..,..,..,..,..,..,..,..,..,..,..,..,..,..,..,..,..,..,..,..,..,..,..,..,..,..,..,..,..,..,..,..,..,..,..,..,..,..,..,..,..,..,..,..,..,..,..,..,..,..,..,..,..,..,..,..,..,..,..,..,..,..,..,..,..,..,..,..,..,..,..,..,..,..,..,..,..
"....Sultan Kudarat","Palay [Paddy] Other Variety, dry (conv. to 14% mc)",18.46,18.73,19.44,19.72,19.94,19.87,21.02,19.12,17.40,17.66,18.02,17.23,18.88,15.50,17.15,18.98,19.84,18.57,18.61,18.37,18.21,17.92,16.67,17.26,18.01,17.92,18.22,19.11,20.08,20.26,20.05,21.64,20.74,18.78,18.46,..,15.09,17.10,19.05,17.55,17.70,18.74,19.13,19.17,19.03,18.83,18.59,18.93,17.27,17.96,18.06,18.41,18.95,20.07,20.75,20.93,20.52,20.08,21.16,21.01,19.41,18.42,17.44,16.41,19.60,16.40,17.46,16.13,15.89,16.44,15.78,15.87,14.09,12.93,13.02,14.09,13.84,15.16,14.36,15.46,14.88,19.19,18.47,16.85,15.77,14.07,13.08,15.19,15.15,14.65,15.59,14.94,14.69,16.96,17.42,17.20,16.81,17.52,16.19,14.61,15.36,16.02,16.16,16.16,15.20,15.66,16.89,18.02,17.59,18.36,18.50,15.64,16.18,16.07,16.44,16.61,16.76,16.58,17.42,18.09,19.24,19.13,19.55,21.04,23.88,18.51,20.85,24.36,23.38,20.17,23.78,24.39,..,..,..,..,..,..,..,..,..,..,..
"....Sultan Kudarat","Corngrain [Maize] White, matured",13.10,13.04,14.35,14.57,15.73,15.55,13.05,12.11,12.21,12.50,12.05,12.36,13.39,9.73,11.36,13.00,13.15,14.71,15.14,15.47,13.19,11.64,12.82,12.53,11.14,12.82,10.86,13.69,13.76,14.40,14.62,15.65,14.35,10.87,9.52,..,8.71,7.98,12.22,7.44,9.88,10.68,9.73,11.31,11.43,11.18,12.46,14.15,17.16,14.51,13.86,11.98,14.61,17.00,17.41,17.67,17.15,13.77,13.84,12.16,12.30,12.90,12.92,12.25,14.50,11.95,12.24,13.04,13.40,13.77,14.60,12.53,12.23,12.72,11.48,10.57,11.19,12.48,11.09,10.27,10.37,13.67,11.61,..,12.25,12.14,10.92,10.65,10.26,11.06,11.30,11.75,12.37,13.19,14.40,14.95,16.89,15.51,15.82,16.41,15.26,16.17,16.48,14.93,18.44,19.98,17.73,17.74,18.10,18.34,20.00,21.02,19.54,18.49,19.15,19.04,18.96,15.81,15.58,17.48,17.83,18.30,17.97,16.88,14.12,15.34,17.18,17.44,17.47,16.78,..,..,..,..,..,..,..,..,..,..,..,..,..
"....Sultan Kudarat","Corngrain [Maize] Yellow, matured",11.38,11.73,12.35,12.65,13.73,14.18,13.32,12.78,12.97,13.31,13.12,12.32,12.82,10.63,11.17,11.78,12.34,12.24,12.07,12.44,10.67,9.97,9.88,10.04,10.53,11.15,10.52,11.77,12.59,13.00,13.52,13.90,13.74,11.18,9.92,..,9.07,8.98,11.65,9.42,9.16,9.49,9.56,10.16,9.82,10.40,10.41,10.21,11.75,13.47,12.12,10.50,13.51,15.40,15.17,14.31,13.68,13.27,13.91,14.02,13.09,13.23,13.86,13.47,13.91,12.32,12.78,12.91,13.34,13.73,13.75,13.43,12.11,11.70,10.87,10.25,9.99,12.27,11.13,10.54,10.59,11.19,12.21,13.68,13.04,12.55,10.27,9.52,10.08,10.83,11.30,11.19,11.40,12.09,12.18,13.22,15.20,15.27,16.07,17.44,17.69,17.85,17.62,14.77,15.31,15.60,16.79,18.32,18.16,17.60,19.58,19.44,20.02,18.32,19.06,18.34,18.05,15.09,16.13,17.19,16.54,15.86,15.76,16.54,14.28,14.05,14.32,14.57,14.73,15.42,..,..,..,..,..,..,..,..,..,..,..,..,..
"....Sultan Kudarat","Green Corn (Maize, green), White",..,..,..,..,..,..,..,..,..,..,..,..,..,..,..,..,..,..,..,..,..,..,..,..,..,..,..,..,..,..,..,..,..,..,..,..,..,..,..,..,..,..,..,..,..,..,..,..,..,..,..,..,..,..,..,..,..,..,..,..,..,..,..,..,..,..,..,..,..,..,..,..,..,..,..,..,..,..,..,..,..,..,..,..,..,..,..,..,..,..,..,..,..,..,..,..,..,..,..,..,..,..,..,..,..,..,..,..,..,..,..,..,..,..,..,..,..,..,..,..,..,..,..,..,..,..,..,..,..,..,..,..,..,..,..,..,..,..,..,..,..,..,..
"....Sultan Kudarat","Green Corn (Maize, green), Yellow",..,..,..,..,..,..,..,..,..,..,..,..,..,..,..,..,..,..,..,..,..,..,..,..,..,..,..,..,..,..,..,..,..,..,..,..,..,..,..,..,..,..,..,..,..,..,..,..,..,..,..,..,..,..,..,..,..,..,..,..,..,..,..,..,..,..,..,..,..,..,..,..,..,..,..,..,..,..,..,..,..,..,..,..,..,..,..,..,..,..,..,..,..,..,..,..,..,..,..,..,..,..,..,..,..,..,..,..,..,..,..,..,..,..,..,..,..,..,..,..,..,..,..,..,..,..,..,..,..,..,..,..,..,..,..,..,..,..,..,..,..,..,..
"..REGION XIII (Caraga)","Palay [Paddy] Fancy, dry (conv. to 14% mc)",..,..,..,..,..,..,..,..,..,..,..,..,..,..,..,..,..,..,..,..,..,..,..,..,..,..,..,..,..,..,..,..,..,..,..,..,..,..,..,..,..,..,..,..,..,..,..,..,..,..,..,..,..,..,..,..,..,..,..,..,..,..,..,..,..,..,..,..,..,..,..,..,..,..,..,..,..,..,..,..,..,..,..,..,..,..,..,..,..,..,..,..,..,..,..,..,..,..,..,..,..,..,..,..,..,..,..,..,..,..,..,..,..,..,..,..,..,..,..,..,..,..,..,..,..,..,..,..,..,..,..,..,..,..,..,..,..,..,..,..,..,..,..
"..REGION XIII (Caraga)","Palay [Paddy] Other Variety, dry (conv. to 14% mc)",19.96,18.05,18.05,18.74,19.53,19.68,20.64,19.25,19.51,19.41,18.53,17.96,19.11,16.34,16.07,17.82,17.61,17.32,16.92,17.02,17.59,18.73,18.65,18.10,17.55,17.48,16.47,15.97,18.47,18.73,19.17,18.53,18.12,18.14,18.69,17.54,17.10,17.32,17.85,17.12,17.51,17.62,18.28,18.76,18.83,18.12,18.00,18.18,17.76,17.73,17.34,17.94,17.94,17.42,19.60,19.30,19.36,19.49,19.77,20.82,21.28,19.73,18.12,17.69,19.21,17.52,18.00,16.40,15.84,15.29,15.28,14.84,14.32,15.64,16.41,15.81,16.05,15.95,15.40,15.35,17.42,19.30,18.71,18.24,18.27,18.33,14.14,12.60,13.74,14.97,16.37,15.24,16.59,16.12,16.34,16.63,15.64,15.05,15.81,15.55,14.31,14.22,14.06,15.46,14.70,15.49,15.77,15.72,15.95,15.36,15.46,15.95,15.67,15.83,15.64,15.42,15.58,16.01,17.38,17.34,17.47,17.49,18.37,17.36,22.84,21.04,20.24,21.03,21.27,18.99,22.99,24.50,..,..,..,..,..,..,..,..,..,..,..
"..REGION XIII (Caraga)","Corngrain [Maize] White, matured",13.34,13.27,13.87,14.00,14.00,15.10,13.10,12.32,11.80,11.93,11.54,10.28,12.88,8.82,11.87,12.04,10.92,11.47,13.14,14.18,12.83,13.33,11.81,11.61,10.94,11.91,11.73,10.81,12.10,11.60,12.97,13.76,12.08,12.22,12.00,10.70,8.80,8.87,11.47,9.46,11.25,10.22,10.39,..,10.98,10.91,11.16,12.67,12.51,12.38,15.27,11.56,13.98,14.34,14.01,14.48,14.37,14.94,13.24,12.86,12.40,12.33,11.45,12.70,13.43,13.65,10.85,12.14,12.98,13.25,12.94,13.07,10.82,10.65,10.91,10.72,10.60,11.88,11.50,11.81,9.81,11.37,10.60,10.42,10.76,11.32,11.60,9.52,11.69,11.91,11.03,11.21,10.93,11.82,12.52,10.37,11.75,14.62,13.62,13.52,14.29,14.84,13.99,12.79,15.26,14.88,14.61,15.19,14.07,15.42,16.46,16.96,16.18,16.11,16.56,16.38,15.67,18.34,16.61,16.58,15.92,16.76,18.64,17.08,15.39,15.14,15.74,18.25,17.82,16.86,..,..,..,..,..,..,..,..,..,..,..,..,..
"..REGION XIII (Caraga)","Corngrain [Maize] Yellow, matured",9.79,10.25,10.24,10.80,10.86,13.45,12.05,11.07,10.95,10.90,10.97,9.68,10.92,11.16,10.44,11.50,12.21,11.75,12.69,12.22,10.00,10.95,10.33,9.58,9.52,11.03,10.00,10.21,..,10.45,12.19,12.20,11.40,10.80,10.31,9.42,8.47,8.33,10.34,9.07,..,9.08,9.85,..,..,10.26,10.22,10.21,10.26,11.40,11.97,10.26,12.06,13.66,12.30,10.41,11.46,12.71,11.91,12.99,12.25,12.10,11.68,11.80,12.11,11.83,10.77,11.47,11.72,12.62,11.67,11.48,11.27,10.98,10.56,10.83,11.24,11.37,10.44,10.24,10.84,11.30,11.63,11.71,10.57,12.28,11.49,9.83,10.57,10.57,10.96,10.84,11.19,11.53,11.18,10.79,11.39,12.87,12.95,14.75,14.41,14.92,13.07,12.49,15.31,14.83,14.44,16.05,15.35,15.91,16.00,17.37,16.84,17.82,16.10,15.73,15.98,17.47,15.58,15.64,17.31,17.35,17.93,14.59,13.06,12.81,16.02,17.70,14.66,15.84,..,..,..,..,..,..,..,..,..,..,..,..,..
"..REGION XIII (Caraga)","Green Corn (Maize, green), White",11.64,..,..,9.97,9.96,13.36,12.45,11.77,12.14,11.97,11.24,11.48,11.60,10.39,..,11.47,9.59,8.43,17.13,15.02,11.84,11.88,12.35,11.88,8.58,11.69,10.41,10.00,10.00,10.00,14.68,17.71,14.08,12.01,11.67,11.64,11.37,9.66,11.94,8.82,8.91,9.85,8.91,13.12,13.75,12.42,9.41,9.74,9.41,9.82,10.50,10.39,9.99,9.91,8.87,9.16,10.06,18.97,12.19,10.90,10.50,10.53,9.48,10.53,10.92,8.34,9.44,9.75,18.17,16.21,14.11,12.54,13.79,13.22,9.69,10.71,12.02,12.33,8.68,10.52,10.14,15.87,16.46,11.93,10.15,15.63,12.22,12.25,13.39,18.50,12.98,10.30,10.49,15.19,12.04,19.93,16.21,21.15,19.75,19.72,17.39,16.24,13.81,16.02,10.62,13.88,17.93,18.27,16.07,19.07,32.30,32.49,30.99,25.95,30.65,21.42,22.47,22.00,..,17.75,..,49.33,27.59,26.75,30.06,18.74,18.74,19.02,18.69,24.87,..,..,..,..,..,..,..,..,..,..,..,..,..
"..REGION XIII (Caraga)","Green Corn (Maize, green), Yellow",..,..,..,..,..,..,..,..,..,..,..,..,..,..,..,..,..,..,..,..,..,..,..,..,..,..,..,..,..,..,..,..,..,..,..,..,..,..,..,..,..,..,..,..,..,..,..,..,..,..,..,..,..,..,..,..,..,..,..,..,..,..,..,..,..,..,..,..,..,..,..,..,..,..,..,..,..,..,..,..,..,..,..,..,..,..,..,..,..,..,..,..,..,..,..,..,..,..,..,..,..,..,..,..,14.69,13.08,19.24,18.35,17.62,18.93,23.71,23.35,23.80,21.61,21.23,21.54,19.76,21.60,..,..,..,..,18.00,16.55,18.76,19.05,18.75,18.82,20.48,19.00,..,..,..,..,..,..,..,..,..,..,..,..,..
"....Agusan del Norte","Palay [Paddy] Fancy, dry (conv. to 14% mc)",..,..,..,..,..,..,..,..,..,..,..,..,..,..,..,..,..,..,..,..,..,..,..,..,..,..,..,..,..,..,..,..,..,..,..,..,..,..,..,..,..,..,..,..,..,..,..,..,..,..,..,..,..,..,..,..,..,..,..,..,..,..,..,..,..,..,..,..,..,..,..,..,..,..,..,..,..,..,..,..,..,..,..,..,..,..,..,..,..,..,..,..,..,..,..,..,..,..,..,..,..,..,..,..,..,..,..,..,..,..,..,..,..,..,..,..,..,..,..,..,..,..,..,..,..,..,..,..,..,..,..,..,..,..,..,..,..,..,..,..,..,..,..
"....Agusan del Norte","Palay [Paddy] Other Variety, dry (conv. to 14% mc)",..,17.00,18.31,18.57,19.93,18.39,19.92,19.93,19.39,19.21,17.50,16.68,18.62,..,16.00,17.60,17.46,17.82,16.78,..,..,17.35,18.11,18.10,18.05,17.47,..,..,18.10,18.66,18.12,17.78,17.03,17.79,19.29,18.33,16.18,16.08,17.74,17.88,17.51,18.16,18.10,17.95,17.86,17.79,18.09,19.00,18.12,18.08,..,18.05,..,18.82,19.02,18.94,18.84,19.39,18.53,19.00,22.57,20.63,17.14,17.19,19.10,..,17.73,16.89,15.17,15.48,15.53,..,13.50,13.27,15.18,15.82,14.97,15.35,15.04,15.00,18.02,18.62,18.46,20.00,20.00,19.95,14.58,12.46,14.41,13.32,16.66,16.97,16.48,16.84,17.26,18.00,16.72,14.30,17.50,16.38,14.04,13.95,13.89,16.03,15.56,15.88,16.09,16.84,16.30,17.23,16.92,15.99,17.27,16.94,16.41,17.35,16.57,17.01,17.15,17.79,17.42,17.65,20.94,19.36,22.29,20.81,20.87,21.01,23.75,19.67,22.99,24.50,..,..,..,..,..,..,..,..,..,..,..
"....Agusan del Norte","Corngrain [Maize] White, matured",..,13.11,14.39,..,..,15.00,16.00,14.97,13.59,13.40,13.00,12.68,14.02,..,12.50,12.91,10.17,10.26,13.55,17.20,..,17.23,13.13,12.54,11.83,13.13,12.28,..,13.24,11.70,13.45,13.53,14.00,13.54,13.08,11.76,9.68,10.56,12.44,9.91,11.25,9.80,10.17,..,10.39,10.86,10.49,14.83,13.34,..,..,11.23,13.70,12.85,12.16,13.77,13.11,13.93,15.09,15.39,13.18,12.48,12.25,13.54,13.45,14.22,13.10,13.79,13.23,13.89,13.80,13.31,11.59,10.72,10.49,10.71,11.35,12.52,12.08,11.86,11.31,12.35,11.27,10.64,10.85,12.60,12.65,10.34,12.82,11.74,11.71,11.74,11.17,12.95,14.31,10.05,12.58,15.60,13.53,14.66,13.81,15.66,14.02,13.34,15.79,14.50,13.57,15.80,15.15,14.73,14.32,14.37,15.34,15.00,15.81,15.45,14.99,15.87,16.61,16.58,15.92,16.76,16.34,18.82,18.06,16.84,16.90,17.94,18.47,17.09,..,..,..,..,..,..,..,..,..,..,..,..,..
"....Agusan del Norte","Corngrain [Maize] Yellow, matured",..,..,..,..,..,13.50,13.50,13.79,13.28,13.05,13.18,11.00,13.04,..,..,..,..,..,12.42,13.25,..,13.26,11.48,10.71,10.55,11.95,..,..,..,10.28,12.18,12.23,12.61,12.21,11.40,10.00,10.21,8.98,11.12,8.38,..,..,10.00,..,..,10.52,10.00,10.85,..,13.33,..,10.51,12.66,13.66,13.69,..,12.00,12.32,14.35,14.09,12.28,13.52,..,..,13.17,11.76,11.51,13.00,..,..,..,..,11.09,11.50,10.41,10.11,11.64,11.38,10.64,10.60,10.57,12.15,13.35,13.28,10.02,12.53,13.84,10.94,11.73,10.66,11.69,11.07,11.71,11.95,11.14,10.60,11.73,11.94,12.46,15.55,14.65,15.94,14.45,12.77,14.88,14.09,12.81,15.66,14.99,15.21,14.49,15.41,14.03,19.88,14.03,14.85,15.03,15.94,15.58,15.64,17.31,17.35,15.96,17.20,14.48,13.99,15.89,18.59,14.96,16.07,..,..,..,..,..,..,..,..,..,..,..,..,..
"....Agusan del Norte","Green Corn (Maize, green), White",..,..,..,..,..,..,..,..,..,..,..,..,..,..,..,..,..,..,..,..,..,..,..,..,..,..,..,..,..,..,..,..,..,..,..,..,..,..,..,..,..,..,..,..,..,..,..,..,..,..,..,..,..,..,..,..,..,..,..,..,..,..,..,..,..,..,..,..,..,..,..,..,..,..,..,..,..,..,..,..,..,..,..,..,..,..,..,..,..,..,..,..,..,..,..,..,..,..,..,..,..,..,..,..,..,..,..,..,..,..,..,..,..,..,..,..,..,..,..,..,..,..,..,..,..,..,..,..,..,..,..,..,..,..,..,..,..,..,..,..,..,..,..
"....Agusan del Norte","Green Corn (Maize, green), Yellow",..,..,..,..,..,..,..,..,..,..,..,..,..,..,..,..,..,..,..,..,..,..,..,..,..,..,..,..,..,..,..,..,..,..,..,..,..,..,..,..,..,..,..,..,..,..,..,..,..,..,..,..,..,..,..,..,..,..,..,..,..,..,..,..,..,..,..,..,..,..,..,..,..,..,..,..,..,..,..,..,..,..,..,..,..,..,..,..,..,..,..,..,..,..,..,..,..,..,..,..,..,..,..,..,..,..,..,..,..,..,..,..,..,..,..,..,..,..,..,..,..,..,..,..,..,..,..,..,..,..,..,..,..,..,..,..,..,..,..,..,..,..,..
"....Agusan del Sur","Palay [Paddy] Fancy, dry (conv. to 14% mc)",..,..,..,..,..,..,..,..,..,..,..,..,..,..,..,..,..,..,..,..,..,..,..,..,..,..,..,..,..,..,..,..,..,..,..,..,..,..,..,..,..,..,..,..,..,..,..,..,..,..,..,..,..,..,..,..,..,..,..,..,..,..,..,..,..,..,..,..,..,..,..,..,..,..,..,..,..,..,..,..,..,..,..,..,..,..,..,..,..,..,..,..,..,..,..,..,..,..,..,..,..,..,..,..,..,..,..,..,..,..,..,..,..,..,..,..,..,..,..,..,..,..,..,..,..,..,..,..,..,..,..,..,..,..,..,..,..,..,..,..,..,..,..
"....Agusan del Sur","Palay [Paddy] Other Variety, dry (conv. to 14% mc)",19.96,19.10,18.50,19.33,19.08,19.30,19.16,18.77,19.04,18.85,18.88,18.41,19.03,16.34,16.14,16.92,17.14,16.76,16.16,14.84,14.85,..,17.87,17.32,17.16,16.50,16.47,15.97,18.61,18.07,18.69,17.50,17.78,..,18.20,15.49,15.78,16.50,17.19,16.53,..,18.26,18.39,18.75,18.08,18.11,17.40,17.09,17.98,17.65,17.67,17.81,17.94,16.02,19.79,19.60,20.49,20.47,19.79,19.42,19.39,18.88,17.94,18.00,18.98,17.52,..,15.48,15.14,16.01,15.65,15.54,15.33,14.07,14.40,14.94,13.86,15.27,15.75,15.70,15.85,20.18,19.36,17.82,16.54,16.71,15.48,12.07,13.70,..,16.29,13.50,16.70,16.42,16.42,16.18,13.28,14.12,14.34,14.80,13.85,14.97,14.99,14.96,13.84,15.09,15.85,15.93,15.98,14.69,15.55,14.87,15.11,16.08,15.41,14.91,15.28,15.00,..,17.67,17.68,18.02,18.29,17.53,..,20.34,21.29,21.45,20.02,18.73,..,..,..,..,..,..,..,..,..,..,..,..,..
"....Agusan del Sur","Corngrain [Maize] White, matured",13.34,13.43,13.35,14.00,14.00,15.19,12.97,12.45,11.78,12.32,12.24,10.32,12.95,10.41,11.24,11.16,11.66,12.68,12.73,14.05,13.67,12.06,12.16,11.56,11.47,12.07,11.17,10.81,10.96,11.49,12.48,13.99,12.21,12.45,11.70,10.78,9.35,9.00,11.37,9.00,..,10.63,10.61,..,11.56,11.78,12.45,12.83,13.54,13.95,14.53,12.09,14.26,15.82,15.86,15.19,15.62,15.95,15.50,13.27,14.53,15.09,13.08,13.23,14.78,13.07,12.97,12.63,12.72,12.61,12.07,12.82,12.17,12.06,11.94,11.96,11.56,12.38,10.92,11.76,11.43,11.69,10.99,11.65,11.24,11.50,11.79,10.06,11.84,..,11.35,10.67,10.69,10.69,10.73,10.69,10.91,15.22,14.83,13.99,16.06,15.85,16.37,13.06,14.72,15.25,15.64,14.58,12.99,16.11,21.49,20.90,20.80,20.35,21.28,21.60,17.98,20.81,..,..,..,..,20.93,21.77,16.81,19.34,19.66,18.56,17.16,19.38,..,..,..,..,..,..,..,..,..,..,..,..,..
"....Agusan del Sur","Corngrain [Maize] Yellow, matured",9.79,10.25,10.24,10.80,10.86,13.40,13.47,11.29,11.18,11.11,11.48,10.71,11.22,11.16,10.44,11.50,12.21,11.75,12.96,13.91,10.74,11.13,10.46,9.85,10.25,11.36,10.00,10.21,..,10.62,12.20,12.17,12.03,10.95,10.72,10.58,8.73,9.33,10.69,9.76,..,9.08,9.70,..,..,10.00,10.44,10.12,10.59,10.82,11.94,10.27,11.45,..,10.90,10.41,10.92,13.10,12.79,12.44,13.15,11.85,12.36,13.23,12.05,11.90,12.05,12.67,11.72,12.62,11.67,11.48,12.08,11.46,11.67,11.93,11.80,11.92,10.24,9.87,10.75,11.18,10.92,11.42,10.70,11.19,10.16,10.03,10.47,..,10.63,10.61,10.66,11.11,11.22,10.97,11.04,15.34,15.65,15.34,16.59,16.74,16.68,13.50,15.74,15.57,16.07,16.43,15.70,16.60,19.76,21.70,24.06,20.11,21.26,19.23,18.52,18.99,..,..,..,..,19.90,16.50,14.22,14.91,19.38,16.81,14.35,16.88,..,..,..,..,..,..,..,..,..,..,..,..,..
"....Agusan del Sur","Green Corn (Maize, green), White",11.64,..,..,9.97,9.96,9.72,9.70,9.23,9.73,10.63,11.44,10.01,10.20,10.39,..,11.47,9.59,8.43,15.62,12.49,8.68,8.36,9.98,9.92,8.96,10.35,10.41,10.00,10.00,10.00,14.68,15.50,10.41,9.02,9.36,9.08,9.25,9.66,10.61,8.82,8.91,9.85,8.91,9.66,9.43,10.20,9.27,9.41,8.37,9.63,10.00,9.37,9.99,9.91,8.87,9.16,10.06,9.93,7.78,8.95,9.90,5.86,6.43,6.76,8.63,6.67,9.44,9.75,11.34,11.54,10.71,10.43,9.79,10.00,9.69,10.63,12.02,10.17,8.68,10.52,10.14,11.74,12.29,11.93,10.15,11.25,12.22,12.25,13.39,..,11.32,10.30,10.49,10.88,12.04,12.71,11.27,13.33,12.45,13.87,15.12,16.72,13.81,12.75,10.62,13.88,17.93,18.27,17.14,19.07,24.82,24.06,24.13,21.54,21.30,21.42,19.52,22.00,..,..,..,..,15.17,15.50,20.11,18.74,18.74,19.02,20.91,18.77,..,..,..,..,..,..,..,..,..,..,..,..,..
"....Agusan del Sur","Green Corn (Maize, green), Yellow",..,..,..,..,..,..,..,..,..,..,..,..,..,..,..,..,..,..,..,..,..,..,..,..,..,..,..,..,..,..,..,..,..,..,..,..,..,..,..,..,..,..,..,..,..,..,..,..,..,..,..,..,..,..,..,..,..,..,..,..,..,..,..,..,..,..,..,..,..,..,..,..,..,..,..,..,..,..,..,..,..,..,..,..,..,..,..,..,..,..,..,..,..,..,..,..,..,..,..,..,..,..,..,..,14.69,13.08,19.24,18.35,17.62,18.93,23.71,23.35,23.80,21.61,21.23,21.54,19.76,21.60,..,..,..,..,18.00,16.55,18.76,19.05,18.75,18.82,20.48,19.00,..,..,..,..,..,..,..,..,..,..,..,..,..
"....Dinagat Islands","Palay [Paddy] Fancy, dry (conv. to 14% mc)",..,..,..,..,..,..,..,..,..,..,..,..,..,..,..,..,..,..,..,..,..,..,..,..,..,..,..,..,..,..,..,..,..,..,..,..,..,..,..,..,..,..,..,..,..,..,..,..,..,..,..,..,..,..,..,..,..,..,..,..,..,..,..,..,..,..,..,..,..,..,..,..,..,..,..,..,..,..,..,..,..,..,..,..,..,..,..,..,..,..,..,..,..,..,..,..,..,..,..,..,..,..,..,..,..,..,..,..,..,..,..,..,..,..,..,..,..,..,..,..,..,..,..,..,..,..,..,..,..,..,..,..,..,..,..,..,..,..,..,..,..,..,..
"....Dinagat Islands","Palay [Paddy] Other Variety, dry (conv. to 14% mc)",..,..,..,..,..,..,..,..,..,..,..,..,..,..,..,..,..,..,..,..,..,..,..,..,..,..,..,..,..,..,..,..,..,..,..,..,..,..,..,..,..,..,..,..,..,..,..,..,..,..,..,..,..,..,..,..,..,..,..,..,..,..,..,..,..,..,..,..,..,..,..,..,..,..,..,..,..,..,..,..,..,..,..,..,..,..,..,..,..,..,..,..,..,..,..,..,..,..,..,..,..,..,..,..,..,..,..,..,..,..,..,..,..,..,..,..,..,..,..,..,..,..,..,..,..,..,..,..,..,..,..,..,..,..,..,..,..,..,..,..,..,..,..
"....Dinagat Islands","Corngrain [Maize] White, matured",..,..,..,..,..,..,..,..,..,..,..,..,..,..,..,..,..,..,..,..,..,..,..,..,..,..,..,..,..,..,..,..,..,..,..,..,..,..,..,..,..,..,..,..,..,..,..,..,..,..,..,..,..,..,..,..,..,..,..,..,..,..,..,..,..,..,..,..,..,..,..,..,..,..,..,..,..,..,..,..,..,..,..,..,..,..,..,..,..,..,..,..,..,..,..,..,..,..,..,..,..,..,..,..,..,..,..,..,..,..,..,..,..,..,..,..,..,..,..,..,..,..,..,..,..,..,..,..,..,..,..,..,..,..,..,..,..,..,..,..,..,..,..
"....Dinagat Islands","Corngrain [Maize] Yellow, matured",..,..,..,..,..,..,..,..,..,..,..,..,..,..,..,..,..,..,..,..,..,..,..,..,..,..,..,..,..,..,..,..,..,..,..,..,..,..,..,..,..,..,..,..,..,..,..,..,..,..,..,..,..,..,..,..,..,..,..,..,..,..,..,..,..,..,..,..,..,..,..,..,..,..,..,..,..,..,..,..,..,..,..,..,..,..,..,..,..,..,..,..,..,..,..,..,..,..,..,..,..,..,..,..,..,..,..,..,..,..,..,..,..,..,..,..,..,..,..,..,..,..,..,..,..,..,..,..,..,..,..,..,..,..,..,..,..,..,..,..,..,..,..
"....Dinagat Islands","Green Corn (Maize, green), White",..,..,..,..,..,..,..,..,..,..,..,..,..,..,..,..,..,..,..,..,..,..,..,..,..,..,..,..,..,..,..,..,..,..,..,..,..,..,..,..,..,..,..,..,..,..,..,..,..,..,..,..,..,..,..,..,..,..,..,..,..,..,..,..,..,..,..,..,..,..,..,..,..,..,..,..,..,..,..,..,..,..,..,..,..,..,..,..,..,..,..,..,..,..,..,..,..,..,..,..,..,..,..,..,..,..,..,..,..,..,..,..,..,..,..,..,..,..,..,..,..,..,..,..,..,..,..,..,..,..,..,..,..,..,..,..,..,..,..,..,..,..,..
"....Dinagat Islands","Green Corn (Maize, green), Yellow",..,..,..,..,..,..,..,..,..,..,..,..,..,..,..,..,..,..,..,..,..,..,..,..,..,..,..,..,..,..,..,..,..,..,..,..,..,..,..,..,..,..,..,..,..,..,..,..,..,..,..,..,..,..,..,..,..,..,..,..,..,..,..,..,..,..,..,..,..,..,..,..,..,..,..,..,..,..,..,..,..,..,..,..,..,..,..,..,..,..,..,..,..,..,..,..,..,..,..,..,..,..,..,..,..,..,..,..,..,..,..,..,..,..,..,..,..,..,..,..,..,..,..,..,..,..,..,..,..,..,..,..,..,..,..,..,..,..,..,..,..,..,..
"....Surigao del Norte","Palay [Paddy] Fancy, dry (conv. to 14% mc)",..,..,..,..,..,..,..,..,..,..,..,..,..,..,..,..,..,..,..,..,..,..,..,..,..,..,..,..,..,..,..,..,..,..,..,..,..,..,..,..,..,..,..,..,..,..,..,..,..,..,..,..,..,..,..,..,..,..,..,..,..,..,..,..,..,..,..,..,..,..,..,..,..,..,..,..,..,..,..,..,..,..,..,..,..,..,..,..,..,..,..,..,..,..,..,..,..,..,..,..,..,..,..,..,..,..,..,..,..,..,..,..,..,..,..,..,..,..,..,..,..,..,..,..,..,..,..,..,..,..,..,..,..,..,..,..,..,..,..,..,..,..,..
"....Surigao del Norte","Palay [Paddy] Other Variety, dry (conv. to 14% mc)",..,..,17.97,18.91,20.55,21.57,22.84,20.01,20.96,20.94,19.10,19.01,20.19,..,..,19.04,18.24,18.75,18.22,18.73,19.34,19.60,19.91,18.26,18.43,18.85,..,..,18.76,18.97,20.16,20.03,19.41,18.80,18.54,18.67,19.17,19.60,19.21,19.64,..,15.82,17.78,19.45,20.25,20.19,18.52,17.43,17.00,17.00,17.00,18.19,..,..,18.62,17.47,17.46,18.12,20.00,21.00,20.30,21.00,16.05,16.50,18.65,..,..,15.34,14.00,..,..,..,14.86,..,..,13.00,..,14.30,..,..,17.93,18.34,18.10,18.33,..,..,13.00,..,12.00,..,16.28,..,..,15.90,15.56,..,..,15.44,15.60,15.76,14.63,12.03,..,14.99,..,..,15.75,13.76,14.60,13.46,15.81,17.00,15.00,14.35,16.28,..,15.11,..,..,16.78,16.73,16.12,17.44,..,..,23.00,..,..,20.03,18.35,..,..,..,..,..,..,..,..,..,..,..,..,..
"....Surigao del Norte","Corngrain [Maize] White, matured",..,..,..,..,..,..,..,..,..,..,..,..,..,..,..,..,..,..,..,..,..,..,..,..,..,..,..,..,..,..,..,..,..,..,..,..,..,..,..,..,..,..,..,..,..,..,..,..,..,..,..,..,..,..,..,..,..,..,..,..,..,..,..,..,..,..,..,..,..,..,..,..,..,..,..,..,..,..,..,..,..,..,..,..,..,..,..,..,..,..,..,..,..,..,..,..,..,..,..,..,..,..,..,..,..,..,..,..,..,..,..,..,..,..,..,..,..,..,..,..,..,..,..,..,..,..,..,..,..,..,..,..,..,..,..,..,..,..,..,..,..,..,..
"....Surigao del Norte","Corngrain [Maize] Yellow, matured",..,..,..,..,..,..,..,..,..,..,..,..,..,..,..,..,..,..,..,..,..,..,..,..,..,..,..,..,..,..,..,..,..,..,..,..,..,..,..,..,..,..,..,..,..,..,..,..,..,..,..,..,..,..,..,..,..,..,..,..,..,..,..,..,..,..,..,..,..,..,..,..,..,..,..,..,..,..,..,..,..,..,..,..,..,..,..,..,..,..,..,..,..,..,..,..,..,..,..,..,..,..,..,..,..,..,..,..,..,..,..,..,..,..,..,..,..,..,..,..,..,..,..,..,..,..,..,..,..,..,..,..,..,..,..,..,..,..,..,..,..,..,..
"....Surigao del Norte","Green Corn (Maize, green), White",..,..,..,..,..,17.00,15.58,15.15,16.00,15.00,15.16,17.70,15.94,..,..,..,..,..,18.63,20.92,16.67,15.27,16.67,15.56,..,17.29,..,..,..,..,..,19.92,17.75,15.00,14.50,13.83,12.86,..,15.64,..,..,..,..,16.57,18.07,16.58,..,..,..,..,..,17.07,..,..,..,..,..,28.00,16.59,16.65,13.61,14.52,14.00,16.61,17.14,10.00,..,..,25.00,20.88,17.50,14.64,17.78,16.43,..,10.78,..,16.63,..,..,..,20.00,20.62,..,..,20.00,..,..,..,18.50,19.78,..,..,19.50,..,27.14,21.15,28.97,27.05,25.56,19.66,15.75,..,23.10,..,..,..,..,15.00,..,39.78,40.91,37.84,30.36,40.00,..,33.98,..,..,17.75,..,49.33,40.00,38.00,40.00,..,..,..,16.46,33.59,..,..,..,..,..,..,..,..,..,..,..,..,..
"....Surigao del Norte","Green Corn (Maize, green), Yellow",..,..,..,..,..,..,..,..,..,..,..,..,..,..,..,..,..,..,..,..,..,..,..,..,..,..,..,..,..,..,..,..,..,..,..,..,..,..,..,..,..,..,..,..,..,..,..,..,..,..,..,..,..,..,..,..,..,..,..,..,..,..,..,..,..,..,..,..,..,..,..,..,..,..,..,..,..,..,..,..,..,..,..,..,..,..,..,..,..,..,..,..,..,..,..,..,..,..,..,..,..,..,..,..,..,..,..,..,..,..,..,..,..,..,..,..,..,..,..,..,..,..,..,..,..,..,..,..,..,..,..,..,..,..,..,..,..,..,..,..,..,..,..
"....Surigao del Sur","Palay [Paddy] Fancy, dry (conv. to 14% mc)",..,..,..,..,..,..,..,..,..,..,..,..,..,..,..,..,..,..,..,..,..,..,..,..,..,..,..,..,..,..,..,..,..,..,..,..,..,..,..,..,..,..,..,..,..,..,..,..,..,..,..,..,..,..,..,..,..,..,..,..,..,..,..,..,..,..,..,..,..,..,..,..,..,..,..,..,..,..,..,..,..,..,..,..,..,..,..,..,..,..,..,..,..,..,..,..,..,..,..,..,..,..,..,..,..,..,..,..,..,..,..,..,..,..,..,..,..,..,..,..,..,..,..,..,..,..,..,..,..,..,..,..,..,..,..,..,..,..,..,..,..,..,..
"....Surigao del Sur","Palay [Paddy] Other Variety, dry (conv. to 14% mc)",..,..,17.41,18.16,18.57,19.47,..,18.28,18.66,18.64,18.62,17.75,18.40,..,..,17.71,17.61,15.93,16.53,17.49,18.58,19.24,18.70,18.71,16.54,17.70,..,..,18.39,19.22,19.70,18.81,18.24,17.82,18.73,17.66,17.28,17.11,18.30,14.41,..,18.25,18.85,18.89,19.11,16.38,..,19.21,17.92,18.18,..,17.91,..,..,20.96,21.19,20.64,19.97,20.76,23.84,22.87,18.39,21.36,19.07,20.91,..,18.27,17.90,19.06,14.39,14.67,14.13,13.57,19.58,19.64,19.49,19.32,17.27,..,..,17.88,20.05,18.93,16.82,..,..,13.51,13.27,14.86,16.62,16.49,..,..,15.32,16.12,15.71,16.91,16.33,..,15.26,14.73,15.92,13.29,15.51,..,..,15.38,16.34,16.91,16.05,13.55,..,15.30,15.95,14.47,14.00,15.33,..,17.60,17.10,18.03,18.15,16.79,15.20,23.38,19.99,18.55,20.63,..,18.54,..,..,..,..,..,..,..,..,..,..,..,..,..
"....Surigao del Sur","Corngrain [Maize] White, matured",..,..,..,..,..,..,10.33,9.55,10.04,10.08,9.38,7.84,9.54,7.23,..,..,..,..,..,11.29,11.99,10.70,10.14,10.72,9.51,10.23,..,..,..,..,..,..,10.03,10.66,11.22,9.57,7.36,7.06,9.32,..,..,..,..,..,..,10.10,10.53,10.36,10.64,10.81,16.00,11.41,..,..,..,..,..,..,9.12,9.93,9.48,9.42,9.02,11.32,9.72,..,6.47,10.00,..,..,..,..,8.70,9.17,10.29,9.48,8.88,9.00,..,..,6.69,10.08,9.53,8.98,10.18,9.85,10.36,8.16,10.40,12.08,9.63,..,..,..,..,..,..,13.03,12.51,11.92,13.00,13.00,11.57,12.51,..,..,..,..,..,..,13.57,15.60,12.41,12.99,12.59,12.08,13.21,..,..,..,..,..,..,10.64,11.29,9.23,10.65,..,..,10.45,..,..,..,..,..,..,..,..,..,..,..,..,..
"....Surigao del Sur","Corngrain [Maize] Yellow, matured",..,..,..,..,..,..,9.19,8.13,8.38,8.54,8.26,7.34,8.31,..,..,..,..,..,..,9.50,9.25,8.45,9.06,8.17,7.76,8.70,..,..,..,..,..,..,9.56,9.25,8.81,7.68,6.47,6.69,8.08,..,..,..,..,..,..,..,..,9.67,9.92,10.06,12.00,10.41,..,..,..,..,..,..,8.59,12.43,11.32,10.94,11.00,10.37,10.78,..,8.74,8.75,..,..,..,..,10.64,9.98,9.60,10.46,10.29,9.78,..,..,11.19,10.57,10.63,10.44,10.98,13.13,10.47,8.51,9.52,10.48,10.59,..,..,..,..,..,..,11.33,10.73,13.37,12.00,12.07,8.09,11.27,..,..,..,..,..,..,13.74,15.00,12.43,13.47,13.00,13.11,13.46,..,..,..,..,..,..,10.07,10.49,9.54,12.80,..,..,10.73,..,..,..,..,..,..,..,..,..,..,..,..,..
"....Surigao del Sur","Green Corn (Maize, green), White",..,..,..,..,..,..,12.07,10.93,10.68,10.27,7.11,6.73,9.63,..,..,..,..,..,..,11.65,10.17,12.00,10.39,10.16,8.20,10.43,..,..,..,..,..,..,..,..,11.16,12.00,12.00,..,11.72,..,..,..,..,..,..,10.48,9.55,10.07,10.44,10.00,11.00,10.26,..,..,..,..,..,..,..,7.09,8.00,11.22,8.00,8.22,8.51,..,..,..,..,..,..,..,..,..,..,..,..,..,..,..,..,..,..,..,..,..,..,..,..,..,..,..,..,..,..,..,..,..,..,..,..,..,..,..,..,..,..,..,..,..,..,..,..,..,..,..,..,..,..,..,..,..,..,..,..,..,..,..,..,..,..,..,..,..,..,..,..,..,..,..,..,..,..
"....Surigao del Sur","Green Corn (Maize, green), Yellow",..,..,..,..,..,..,..,..,..,..,..,..,..,..,..,..,..,..,..,..,..,..,..,..,..,..,..,..,..,..,..,..,..,..,..,..,..,..,..,..,..,..,..,..,..,..,..,..,..,..,..,..,..,..,..,..,..,..,..,..,..,..,..,..,..,..,..,..,..,..,..,..,..,..,..,..,..,..,..,..,..,..,..,..,..,..,..,..,..,..,..,..,..,..,..,..,..,..,..,..,..,..,..,..,..,..,..,..,..,..,..,..,..,..,..,..,..,..,..,..,..,..,..,..,..,..,..,..,..,..,..,..,..,..,..,..,..,..,..,..,..,..,..
"..AUTONOMOUS REGION IN MUSLIM MINDANAO (ARMM)","Palay [Paddy] Fancy, dry (conv. to 14% mc)",..,..,..,..,..,..,..,..,..,..,..,..,..,..,..,..,..,..,..,..,..,..,..,..,..,..,..,..,..,..,..,..,..,..,..,..,..,..,..,..,..,..,..,..,..,..,..,..,..,..,..,..,..,..,..,..,..,..,..,..,..,..,..,..,..,..,..,..,..,..,..,..,..,..,..,..,..,..,..,..,..,..,..,..,..,..,..,..,..,..,..,..,..,..,..,..,..,..,..,..,..,..,..,..,..,..,..,..,..,..,..,..,..,..,..,..,..,..,..,..,..,..,..,..,..,..,..,..,..,..,..,..,..,..,..,..,..,..,..,..,..,..,..
"..AUTONOMOUS REGION IN MUSLIM MINDANAO (ARMM)","Palay [Paddy] Other Variety, dry (conv. to 14% mc)",18.02,18.19,18.52,19.23,19.60,19.93,20.81,21.24,18.80,18.01,18.58,18.79,19.14,18.55,17.47,18.90,19.94,20.64,19.83,19.79,20.13,20.66,20.28,20.49,20.08,19.73,19.71,20.18,20.75,20.98,20.83,21.08,20.88,19.34,20.06,19.44,19.27,19.43,20.16,15.34,15.89,16.26,16.65,17.02,18.13,17.80,17.62,16.58,16.08,16.01,16.26,16.64,16.95,16.65,19.62,19.88,18.49,16.50,17.34,18.54,18.97,16.51,16.44,17.30,17.77,16.33,17.47,18.98,20.43,20.76,22.13,15.82,13.16,12.94,13.47,13.16,13.87,16.54,14.71,15.10,..,..,20.48,19.81,18.54,15.66,13.76,13.48,13.00,13.67,15.82,14.78,15.01,14.94,15.50,15.75,16.10,16.33,16.52,16.79,16.81,17.06,17.27,16.07,18.27,20.88,17.09,16.96,17.00,17.04,17.08,17.10,16.99,18.72,18.77,19.97,17.99,18.60,18.49,18.29,18.39,18.39,18.67,18.78,22.14,13.30,17.36,24.65,25.14,19.35,25.56,25.88,..,..,..,..,..,..,..,..,..,..,..
"..AUTONOMOUS REGION IN MUSLIM MINDANAO (ARMM)","Corngrain [Maize] White, matured",11.46,11.33,11.23,12.07,12.10,12.24,12.57,10.62,10.74,10.98,10.97,10.83,11.43,10.44,10.88,12.13,12.59,14.83,14.79,14.54,11.44,11.69,11.86,12.86,13.23,12.61,11.86,13.51,13.13,13.30,14.27,14.08,13.76,12.25,11.48,9.37,8.67,8.49,12.01,8.29,9.98,10.62,12.23,12.38,13.07,13.06,13.10,13.75,13.77,13.92,13.15,12.28,12.62,14.03,14.54,14.58,14.54,12.66,12.74,12.75,12.70,12.49,12.63,12.80,13.26,12.43,12.43,12.29,13.64,12.43,13.20,14.26,14.45,13.12,12.19,9.98,10.99,12.62,8.27,8.45,..,7.02,8.81,10.32,9.97,10.45,9.71,7.26,7.43,9.95,8.88,10.23,11.60,12.23,12.50,12.65,12.64,23.81,24.02,24.17,13.17,13.56,13.81,15.37,20.04,19.50,24.22,24.42,24.51,19.08,19.12,24.80,19.23,19.81,19.88,12.19,20.57,27.21,27.95,29.04,29.29,30.91,31.55,17.97,18.11,14.06,32.60,16.75,16.79,24.35,..,..,..,..,..,..,..,..,..,..,..,..,..
"..AUTONOMOUS REGION IN MUSLIM MINDANAO (ARMM)","Corngrain [Maize] Yellow, matured",10.52,11.34,11.79,12.32,12.82,13.63,14.63,13.38,13.02,13.27,12.74,12.45,12.66,10.12,10.95,11.51,11.94,12.82,12.38,12.21,10.31,10.52,10.49,10.78,12.07,11.34,10.46,12.90,12.36,12.30,12.20,12.45,12.73,10.26,10.34,9.91,10.09,9.53,11.29,10.31,9.72,9.83,10.36,10.71,10.45,10.81,10.88,11.34,11.41,12.41,12.45,10.89,12.52,14.35,15.25,15.33,14.55,12.53,12.84,13.19,13.55,13.44,13.76,13.35,13.72,13.03,13.28,12.49,13.82,14.09,13.50,13.38,12.29,12.09,12.09,11.64,11.86,12.80,11.47,11.86,..,..,11.67,12.20,12.08,12.62,10.12,10.05,10.81,10.61,11.35,10.29,10.72,11.46,12.08,12.75,12.71,12.85,13.16,13.37,13.50,13.89,14.13,12.58,13.42,13.47,13.65,14.14,14.18,14.34,14.37,14.39,14.69,17.05,17.27,18.25,14.94,18.31,18.26,16.74,16.65,16.72,16.73,16.76,16.90,13.34,15.41,17.33,17.63,16.73,..,..,..,..,..,..,..,..,..,..,..,..,..
"..AUTONOMOUS REGION IN MUSLIM MINDANAO (ARMM)","Green Corn (Maize, green), White",20.65,20.94,21.01,20.93,20.79,20.61,21.19,20.81,20.73,20.87,21.07,20.96,20.88,21.01,20.89,20.92,20.95,20.98,21.07,21.01,21.08,21.04,21.17,21.02,20.78,20.99,20.88,20.95,20.94,20.93,20.97,20.99,20.96,20.93,21.15,22.31,22.40,..,21.22,24.64,25.85,26.11,27.02,28.33,27.11,27.20,27.36,27.34,27.33,27.57,27.52,26.95,27.59,27.43,27.18,27.36,27.34,27.35,28.02,28.24,28.39,28.79,29.00,29.01,27.98,29.50,29.72,29.82,29.99,30.17,30.32,31.15,36.68,36.95,31.69,31.76,..,31.61,31.99,33.61,32.97,32.69,33.28,33.78,34.29,34.47,35.08,36.16,35.35,..,33.97,34.83,34.58,34.93,34.54,34.21,33.73,..,..,..,35.08,34.48,..,34.55,..,..,..,..,..,..,..,..,..,..,..,..,..,..,..,..,..,..,..,..,..,..,..,..,..,..,..,..,..,..,..,..,..,..,..,..,..,..,..
"..AUTONOMOUS REGION IN MUSLIM MINDANAO (ARMM)","Green Corn (Maize, green), Yellow",..,..,..,..,..,..,..,..,..,..,..,..,..,..,..,..,..,..,..,..,..,..,..,..,..,..,..,..,..,..,..,..,..,..,..,..,..,..,..,..,..,..,..,..,..,..,..,..,..,..,..,..,..,..,..,..,..,..,..,..,..,..,..,..,..,..,..,..,..,..,..,..,..,..,..,..,..,..,..,..,..,..,..,..,..,..,..,..,..,..,..,..,..,..,..,..,..,..,..,..,..,..,..,..,..,..,..,..,..,..,..,..,..,..,..,..,..,..,..,..,..,..,..,..,..,..,..,..,..,..,..,..,..,..,..,..,..,..,..,..,..,..,..
"....Basilan","Palay [Paddy] Fancy, dry (conv. to 14% mc)",..,..,..,..,..,..,..,..,..,..,..,..,..,..,..,..,..,..,..,..,..,..,..,..,..,..,..,..,..,..,..,..,..,..,..,..,..,..,..,..,..,..,..,..,..,..,..,..,..,..,..,..,..,..,..,..,..,..,..,..,..,..,..,..,..,..,..,..,..,..,..,..,..,..,..,..,..,..,..,..,..,..,..,..,..,..,..,..,..,..,..,..,..,..,..,..,..,..,..,..,..,..,..,..,..,..,..,..,..,..,..,..,..,..,..,..,..,..,..,..,..,..,..,..,..,..,..,..,..,..,..,..,..,..,..,..,..,..,..,..,..,..,..
"....Basilan","Palay [Paddy] Other Variety, dry (conv. to 14% mc)",19.96,19.76,19.80,19.89,20.33,20.67,20.91,20.90,20.69,20.80,21.25,21.50,20.54,21.29,21.42,21.80,22.41,22.40,22.63,23.43,23.82,23.94,23.96,23.96,23.82,22.91,23.94,23.92,23.98,24.00,24.00,24.00,24.00,23.63,24.00,24.00,24.00,23.87,23.95,..,..,..,..,..,..,..,..,..,..,..,..,..,..,..,..,..,..,..,..,..,..,..,..,..,..,..,..,..,..,..,..,..,..,..,..,..,..,..,..,..,..,..,..,..,..,..,..,..,..,..,..,..,..,..,..,..,..,..,..,..,..,..,..,..,..,..,..,..,..,..,..,..,..,..,..,..,..,..,..,..,..,..,..,..,..,..,..,..,..,..,..,..,..,..,..,..,..,..,..,..,..,..,..
"....Basilan","Corngrain [Maize] White, matured",9.41,9.47,9.57,9.76,9.36,9.56,9.71,9.44,9.63,9.65,9.87,9.97,9.62,..,..,..,..,..,..,..,..,..,..,..,..,..,..,..,..,..,..,..,..,..,..,..,..,..,..,..,..,..,..,..,..,..,..,..,..,..,..,..,..,..,..,..,..,..,..,..,..,..,..,..,..,..,..,..,..,..,..,..,..,..,..,..,..,..,..,..,..,..,..,..,..,..,..,..,..,..,..,..,..,..,..,..,..,..,..,..,..,..,..,..,..,..,..,..,..,..,..,..,..,..,..,..,..,..,..,..,..,..,..,..,..,..,..,..,..,..,..,..,..,..,..,..,..,..,..,..,..,..,..
"....Basilan","Corngrain [Maize] Yellow, matured",..,..,..,..,..,..,..,..,..,..,..,..,..,..,..,..,..,..,..,..,..,..,..,..,..,..,..,..,..,..,..,..,..,..,..,..,..,..,..,..,..,..,..,..,..,..,..,..,..,..,..,..,..,..,..,..,..,..,..,..,..,..,..,..,..,..,..,..,..,..,..,..,..,..,..,..,..,..,..,..,..,..,..,..,..,..,..,..,..,..,..,..,..,..,..,..,..,..,..,..,..,..,..,..,..,..,..,..,..,..,..,..,..,..,..,..,..,..,..,..,..,..,..,..,..,..,..,..,..,..,..,..,..,..,..,..,..,..,..,..,..,..,..
"....Basilan","Green Corn (Maize, green), White",..,..,..,..,..,..,..,..,..,..,..,..,..,..,..,..,..,..,..,..,..,..,..,..,..,..,..,..,..,..,..,..,..,..,..,..,..,..,..,..,..,..,..,..,..,..,..,..,..,..,..,..,..,..,..,..,..,..,..,..,..,..,..,..,..,..,..,..,..,..,..,..,..,..,..,..,..,..,..,..,..,..,..,..,..,..,..,..,..,..,..,..,..,..,..,..,..,..,..,..,..,..,..,..,..,..,..,..,..,..,..,..,..,..,..,..,..,..,..,..,..,..,..,..,..,..,..,..,..,..,..,..,..,..,..,..,..,..,..,..,..,..,..
"....Basilan","Green Corn (Maize, green), Yellow",..,..,..,..,..,..,..,..,..,..,..,..,..,..,..,..,..,..,..,..,..,..,..,..,..,..,..,..,..,..,..,..,..,..,..,..,..,..,..,..,..,..,..,..,..,..,..,..,..,..,..,..,..,..,..,..,..,..,..,..,..,..,..,..,..,..,..,..,..,..,..,..,..,..,..,..,..,..,..,..,..,..,..,..,..,..,..,..,..,..,..,..,..,..,..,..,..,..,..,..,..,..,..,..,..,..,..,..,..,..,..,..,..,..,..,..,..,..,..,..,..,..,..,..,..,..,..,..,..,..,..,..,..,..,..,..,..,..,..,..,..,..,..
"....Lanao del Sur","Palay [Paddy] Fancy, dry (conv. to 14% mc)",..,..,..,..,..,..,..,..,..,..,..,..,..,..,..,..,..,..,..,..,..,..,..,..,..,..,..,..,..,..,..,..,..,..,..,..,..,..,..,..,..,..,..,..,..,..,..,..,..,..,..,..,..,..,..,..,..,..,..,..,..,..,..,..,..,..,..,..,..,..,..,..,..,..,..,..,..,..,..,..,..,..,..,..,..,..,..,..,..,..,..,..,..,..,..,..,..,..,..,..,..,..,..,..,..,..,..,..,..,..,..,..,..,..,..,..,..,..,..,..,..,..,..,..,..,..,..,..,..,..,..,..,..,..,..,..,..,..,..,..,..,..,..
"....Lanao del Sur","Palay [Paddy] Other Variety, dry (conv. to 14% mc)",..,..,..,..,..,..,..,..,..,..,..,..,..,..,..,..,..,..,..,..,..,..,..,..,..,..,19.29,20.27,20.27,20.26,20.26,20.28,20.22,20.21,20.21,..,..,..,20.14,..,..,..,..,..,..,..,..,..,..,..,..,..,..,..,..,..,..,..,..,..,..,..,..,..,..,..,..,..,..,..,..,..,..,..,..,..,..,..,..,..,..,..,..,..,..,..,..,..,..,..,..,..,..,..,..,..,..,..,..,..,..,..,..,..,19.82,24.96,..,..,..,..,..,..,..,19.27,19.14,19.28,20.49,..,..,..,..,..,..,..,..,..,..,..,..,..,..,..,..,..,..,..,..,..,..,..,..,..,..
"....Lanao del Sur","Corngrain [Maize] White, matured",..,..,..,..,..,..,..,..,..,..,..,..,..,..,..,..,..,..,..,..,..,..,..,..,..,..,12.80,13.78,13.78,13.80,13.80,13.80,13.77,13.73,13.72,..,..,..,13.66,..,..,..,13.84,13.83,13.85,13.74,13.78,13.73,13.78,13.84,13.89,13.81,12.74,12.89,12.74,12.88,12.80,12.71,12.84,12.86,12.81,12.83,12.79,12.81,12.81,12.87,12.85,12.82,14.51,12.02,13.72,15.46,16.58,14.27,12.70,8.80,..,13.33,5.60,6.50,..,7.02,7.02,8.80,8.17,9.12,..,4.78,5.25,..,6.92,..,..,..,..,..,..,..,..,..,..,..,..,..,12.19,10.41,..,..,..,8.00,8.00,..,8.03,8.08,7.85,7.90,8.81,..,..,..,..,..,..,..,..,..,..,..,..,..,..,..,..,..,..,..,..,..,..,..,..,..,..
"....Lanao del Sur","Corngrain [Maize] Yellow, matured",..,..,..,..,..,..,..,..,..,..,..,..,..,..,..,..,..,..,..,..,..,..,..,..,..,..,..,..,..,..,..,..,..,..,..,..,..,..,..,..,..,..,..,..,..,..,..,..,..,..,..,..,..,..,..,..,..,..,..,..,..,..,..,..,..,..,..,..,..,..,..,..,..,..,..,..,..,..,..,..,..,..,..,..,..,..,..,..,..,..,..,..,..,..,..,..,..,..,..,..,..,..,..,..,..,..,..,..,..,..,..,..,..,..,..,..,..,..,..,..,..,..,..,..,..,..,..,..,..,..,..,..,..,..,..,..,..,..,..,..,..,..,..
"....Lanao del Sur","Green Corn (Maize, green), White",..,..,..,..,..,..,..,..,..,..,..,..,..,..,..,..,..,..,..,..,..,..,..,..,..,..,20.94,20.94,20.95,20.92,20.88,20.88,20.84,20.77,20.75,..,..,..,20.87,..,..,..,..,..,..,..,..,..,..,..,..,..,..,..,..,..,..,..,..,..,..,..,..,..,..,..,..,..,..,..,..,..,..,..,..,..,..,..,..,..,..,..,..,..,..,..,..,..,..,..,..,..,..,..,..,..,..,..,..,..,..,..,..,..,..,..,..,..,..,..,..,..,..,..,..,..,..,..,..,..,..,..,..,..,..,..,..,..,..,..,..,..,..,..,..,..,..,..,..,..,..,..,..
"....Lanao del Sur","Green Corn (Maize, green), Yellow",..,..,..,..,..,..,..,..,..,..,..,..,..,..,..,..,..,..,..,..,..,..,..,..,..,..,..,..,..,..,..,..,..,..,..,..,..,..,..,..,..,..,..,..,..,..,..,..,..,..,..,..,..,..,..,..,..,..,..,..,..,..,..,..,..,..,..,..,..,..,..,..,..,..,..,..,..,..,..,..,..,..,..,..,..,..,..,..,..,..,..,..,..,..,..,..,..,..,..,..,..,..,..,..,..,..,..,..,..,..,..,..,..,..,..,..,..,..,..,..,..,..,..,..,..,..,..,..,..,..,..,..,..,..,..,..,..,..,..,..,..,..,..
"....Maguindanao","Palay [Paddy] Fancy, dry (conv. to 14% mc)",..,..,..,..,..,..,..,..,..,..,..,..,..,..,..,..,..,..,..,..,..,..,..,..,..,..,..,..,..,..,..,..,..,..,..,..,..,..,..,..,..,..,..,..,..,..,..,..,..,..,..,..,..,..,..,..,..,..,..,..,..,..,..,..,..,..,..,..,..,..,..,..,..,..,..,..,..,..,..,..,..,..,..,..,..,..,..,..,..,..,..,..,..,..,..,..,..,..,..,..,..,..,..,..,..,..,..,..,..,..,..,..,..,..,..,..,..,..,..,..,..,..,..,..,..,..,..,..,..,..,..,..,..,..,..,..,..,..,..,..,..,..,..
"....Maguindanao","Palay [Paddy] Other Variety, dry (conv. to 14% mc)",16.07,16.62,17.23,18.56,18.87,19.19,20.70,21.58,16.91,15.22,15.90,16.07,17.74,15.81,13.51,15.99,17.46,18.87,17.03,16.14,16.43,17.37,16.59,17.01,16.33,16.55,15.91,16.36,17.99,18.68,18.22,18.95,18.42,14.19,15.97,14.88,14.54,14.99,16.59,15.34,15.89,16.26,16.65,17.02,18.13,17.80,17.62,16.58,16.08,16.01,16.26,16.64,16.95,16.65,19.62,19.88,18.49,16.50,17.34,18.54,18.97,16.51,16.44,17.30,17.77,16.33,17.47,18.98,20.43,20.76,22.13,15.82,13.16,12.94,13.47,13.16,13.87,16.54,14.71,15.10,..,..,20.48,19.81,18.54,15.66,13.76,13.48,13.00,13.67,15.82,14.78,15.01,14.94,15.50,15.75,16.10,16.33,16.52,16.79,16.81,17.06,17.27,16.07,16.72,16.79,17.09,16.96,17.00,17.04,17.08,17.10,16.99,18.17,18.39,20.66,17.50,18.60,18.49,18.29,18.39,18.39,18.67,18.78,22.14,13.30,17.36,24.65,25.14,19.35,25.56,25.88,..,..,..,..,..,..,..,..,..,..,..
"....Maguindanao","Corngrain [Maize] White, matured",13.50,13.18,12.88,14.38,14.83,14.91,15.43,11.80,11.84,12.30,12.06,11.69,13.23,10.44,10.88,12.13,12.59,14.83,14.79,14.54,11.44,11.69,11.86,12.86,13.23,12.61,10.91,13.24,12.48,12.79,14.73,14.35,13.75,10.77,9.24,9.37,8.67,8.49,11.57,8.29,9.98,10.62,10.62,10.92,12.28,12.38,12.41,13.76,13.75,14.00,12.41,11.79,12.50,15.16,16.33,16.28,16.27,12.60,12.63,12.64,12.59,12.14,12.47,12.78,13.70,11.98,12.00,11.75,12.77,12.83,12.68,13.06,12.31,11.96,11.67,11.15,10.99,12.10,10.93,10.39,..,..,10.59,11.84,11.76,11.77,9.71,9.74,9.61,9.95,10.63,10.23,11.60,12.23,12.50,12.65,12.64,13.11,12.85,13.04,13.17,13.56,13.81,12.62,13.36,13.42,13.70,13.96,14.08,14.15,14.19,14.23,14.22,15.68,15.94,16.48,14.45,16.68,16.79,17.71,18.30,17.90,17.96,17.97,18.11,14.06,16.22,16.75,16.79,17.10,..,..,..,..,..,..,..,..,..,..,..,..,..
"....Maguindanao","Corngrain [Maize] Yellow, matured",10.52,11.34,11.79,12.32,12.82,13.63,14.63,13.38,13.02,13.27,12.74,12.45,12.66,10.12,10.95,11.51,11.94,12.82,12.38,12.21,10.31,10.52,10.49,10.78,12.07,11.34,10.46,12.90,12.36,12.30,12.20,12.45,12.73,10.26,10.34,9.91,10.09,9.53,11.29,10.31,9.72,9.83,10.36,10.71,10.45,10.81,10.88,11.34,11.41,12.41,12.45,10.89,12.52,14.35,15.25,15.33,14.55,12.53,12.84,13.19,13.55,13.44,13.76,13.35,13.72,13.03,13.28,12.49,13.82,14.09,13.50,13.38,12.29,12.09,12.09,11.64,11.86,12.80,11.47,11.86,..,..,11.67,12.20,12.08,12.62,10.12,10.05,10.81,10.61,11.35,10.29,10.72,11.46,12.08,12.75,12.71,12.85,13.16,13.37,13.50,13.89,14.13,12.58,13.42,13.47,13.65,14.14,14.18,14.34,14.37,14.39,14.69,17.05,17.27,18.25,14.94,18.31,18.26,16.74,16.65,16.72,16.73,16.76,16.90,13.34,15.41,17.33,17.63,16.73,..,..,..,..,..,..,..,..,..,..,..,..,..
"....Maguindanao","Green Corn (Maize, green), White",..,..,..,..,..,..,..,..,..,..,..,..,..,..,..,..,..,..,..,..,..,..,..,..,..,..,..,..,..,..,..,..,..,..,..,..,..,..,..,..,..,..,..,..,..,..,..,..,..,..,..,..,..,..,..,..,..,..,..,..,..,..,..,..,..,..,..,..,..,..,..,..,..,..,..,..,..,..,..,..,..,..,..,..,..,..,..,..,..,..,..,..,..,..,..,..,..,..,..,..,..,..,..,..,..,..,..,..,..,..,..,..,..,..,..,..,..,..,..,..,..,..,..,..,..,..,..,..,..,..,..,..,..,..,..,..,..,..,..,..,..,..,..
"....Maguindanao","Green Corn (Maize, green), Yellow",..,..,..,..,..,..,..,..,..,..,..,..,..,..,..,..,..,..,..,..,..,..,..,..,..,..,..,..,..,..,..,..,..,..,..,..,..,..,..,..,..,..,..,..,..,..,..,..,..,..,..,..,..,..,..,..,..,..,..,..,..,..,..,..,..,..,..,..,..,..,..,..,..,..,..,..,..,..,..,..,..,..,..,..,..,..,..,..,..,..,..,..,..,..,..,..,..,..,..,..,..,..,..,..,..,..,..,..,..,..,..,..,..,..,..,..,..,..,..,..,..,..,..,..,..,..,..,..,..,..,..,..,..,..,..,..,..,..,..,..,..,..,..
"....Sulu","Palay [Paddy] Fancy, dry (conv. to 14% mc)",..,..,..,..,..,..,..,..,..,..,..,..,..,..,..,..,..,..,..,..,..,..,..,..,..,..,..,..,..,..,..,..,..,..,..,..,..,..,..,..,..,..,..,..,..,..,..,..,..,..,..,..,..,..,..,..,..,..,..,..,..,..,..,..,..,..,..,..,..,..,..,..,..,..,..,..,..,..,..,..,..,..,..,..,..,..,..,..,..,..,..,..,..,..,..,..,..,..,..,..,..,..,..,..,..,..,..,..,..,..,..,..,..,..,..,..,..,..,..,..,..,..,..,..,..,..,..,..,..,..,..,..,..,..,..,..,..,..,..,..,..,..,..
"....Sulu","Palay [Paddy] Other Variety, dry (conv. to 14% mc)",..,..,..,..,..,..,..,..,..,..,..,..,..,..,..,..,..,..,..,..,..,..,..,..,..,..,..,..,..,..,..,..,..,..,..,..,..,..,..,..,..,..,..,..,..,..,..,..,..,..,..,..,..,..,..,..,..,..,..,..,..,..,..,..,..,..,..,..,..,..,..,..,..,..,..,..,..,..,..,..,..,..,..,..,..,..,..,..,..,..,..,..,..,..,..,..,..,..,..,..,..,..,..,..,..,..,..,..,..,..,..,..,..,..,..,..,..,..,..,..,..,..,..,..,..,..,..,..,..,..,..,..,..,..,..,..,..,..,..,..,..,..,..
"....Sulu","Corngrain [Maize] White, matured",..,..,..,..,..,..,..,..,..,..,..,..,..,..,..,..,..,..,..,..,..,..,..,..,..,..,..,..,..,..,..,..,..,..,..,..,..,..,..,..,..,..,..,..,..,..,..,..,..,..,..,..,..,..,..,..,..,..,..,..,..,..,..,..,..,..,..,..,..,..,..,..,..,..,..,..,..,..,..,..,..,..,..,..,..,..,..,..,..,..,..,..,..,..,..,..,..,..,..,..,..,..,..,..,..,..,..,..,..,..,..,..,..,..,..,..,..,..,..,..,..,..,..,..,..,..,..,..,..,..,..,..,..,..,..,..,..,..,..,..,..,..,..
"....Sulu","Corngrain [Maize] Yellow, matured",..,..,..,..,..,..,..,..,..,..,..,..,..,..,..,..,..,..,..,..,..,..,..,..,..,..,..,..,..,..,..,..,..,..,..,..,..,..,..,..,..,..,..,..,..,..,..,..,..,..,..,..,..,..,..,..,..,..,..,..,..,..,..,..,..,..,..,..,..,..,..,..,..,..,..,..,..,..,..,..,..,..,..,..,..,..,..,..,..,..,..,..,..,..,..,..,..,..,..,..,..,..,..,..,..,..,..,..,..,..,..,..,..,..,..,..,..,..,..,..,..,..,..,..,..,..,..,..,..,..,..,..,..,..,..,..,..,..,..,..,..,..,..
"....Sulu","Green Corn (Maize, green), White",..,..,..,..,..,..,..,..,..,..,..,..,..,..,..,..,..,..,..,..,..,..,..,..,..,..,..,..,..,..,..,..,..,..,..,..,..,..,..,..,..,..,..,..,..,..,..,..,..,..,..,..,..,..,..,..,..,..,..,..,..,..,..,..,..,..,..,..,..,..,..,..,..,..,..,..,..,..,..,..,..,..,..,..,..,..,..,..,..,..,..,..,..,..,..,..,..,..,..,..,..,..,..,..,..,..,..,..,..,..,..,..,..,..,..,..,..,..,..,..,..,..,..,..,..,..,..,..,..,..,..,..,..,..,..,..,..,..,..,..,..,..,..
"....Sulu","Green Corn (Maize, green), Yellow",..,..,..,..,..,..,..,..,..,..,..,..,..,..,..,..,..,..,..,..,..,..,..,..,..,..,..,..,..,..,..,..,..,..,..,..,..,..,..,..,..,..,..,..,..,..,..,..,..,..,..,..,..,..,..,..,..,..,..,..,..,..,..,..,..,..,..,..,..,..,..,..,..,..,..,..,..,..,..,..,..,..,..,..,..,..,..,..,..,..,..,..,..,..,..,..,..,..,..,..,..,..,..,..,..,..,..,..,..,..,..,..,..,..,..,..,..,..,..,..,..,..,..,..,..,..,..,..,..,..,..,..,..,..,..,..,..,..,..,..,..,..,..
"....Tawi-tawi","Palay [Paddy] Fancy, dry (conv. to 14% mc)",..,..,..,..,..,..,..,..,..,..,..,..,..,..,..,..,..,..,..,..,..,..,..,..,..,..,..,..,..,..,..,..,..,..,..,..,..,..,..,..,..,..,..,..,..,..,..,..,..,..,..,..,..,..,..,..,..,..,..,..,..,..,..,..,..,..,..,..,..,..,..,..,..,..,..,..,..,..,..,..,..,..,..,..,..,..,..,..,..,..,..,..,..,..,..,..,..,..,..,..,..,..,..,..,..,..,..,..,..,..,..,..,..,..,..,..,..,..,..,..,..,..,..,..,..,..,..,..,..,..,..,..,..,..,..,..,..,..,..,..,..,..,..
"....Tawi-tawi","Palay [Paddy] Other Variety, dry (conv. to 14% mc)",..,..,..,..,..,..,..,..,..,..,..,..,..,..,..,..,..,..,..,..,..,..,..,..,..,..,..,..,..,..,..,..,..,..,..,..,..,..,..,..,..,..,..,..,..,..,..,..,..,..,..,..,..,..,..,..,..,..,..,..,..,..,..,..,..,..,..,..,..,..,..,..,..,..,..,..,..,..,..,..,..,..,..,..,..,..,..,..,..,..,..,..,..,..,..,..,..,..,..,..,..,..,..,..,..,..,..,..,..,..,..,..,..,..,..,..,..,..,..,..,..,..,..,..,..,..,..,..,..,..,..,..,..,..,..,..,..,..,..,..,..,..,..
"....Tawi-tawi","Corngrain [Maize] White, matured",..,..,..,..,..,..,..,..,..,..,..,..,..,..,..,..,..,..,..,..,..,..,..,..,..,..,..,..,..,..,..,..,..,..,..,..,..,..,..,..,..,..,..,..,..,..,..,..,..,..,..,..,..,..,..,..,..,..,..,..,..,..,..,..,..,..,..,..,..,..,..,..,..,..,..,..,..,..,..,..,..,..,..,..,..,..,..,..,..,..,..,..,..,..,..,..,..,34.50,35.19,35.29,..,..,..,34.99,34.57,34.66,34.74,34.87,34.94,35.09,35.17,35.36,35.45,35.67,35.85,..,35.12,37.74,39.11,40.37,40.27,43.91,45.13,..,..,..,48.97,..,..,42.21,..,..,..,..,..,..,..,..,..,..,..,..,..
"....Tawi-tawi","Corngrain [Maize] Yellow, matured",..,..,..,..,..,..,..,..,..,..,..,..,..,..,..,..,..,..,..,..,..,..,..,..,..,..,..,..,..,..,..,..,..,..,..,..,..,..,..,..,..,..,..,..,..,..,..,..,..,..,..,..,..,..,..,..,..,..,..,..,..,..,..,..,..,..,..,..,..,..,..,..,..,..,..,..,..,..,..,..,..,..,..,..,..,..,..,..,..,..,..,..,..,..,..,..,..,..,..,..,..,..,..,..,..,..,..,..,..,..,..,..,..,..,..,..,..,..,..,..,..,..,..,..,..,..,..,..,..,..,..,..,..,..,..,..,..,..,..,..,..,..,..
"....Tawi-tawi","Green Corn (Maize, green), White",20.65,20.94,21.01,20.93,20.79,20.61,21.19,20.81,20.73,20.87,21.07,20.96,20.88,21.01,20.89,20.92,20.95,20.98,21.07,21.01,21.08,21.04,21.17,21.02,20.78,20.99,20.82,20.95,20.93,20.94,21.05,21.09,21.07,21.08,21.54,22.31,22.40,..,21.29,24.64,25.85,26.11,27.02,28.33,27.11,27.20,27.36,27.34,27.33,27.57,27.52,26.95,27.59,27.43,27.18,27.36,27.34,27.35,28.02,28.24,28.39,28.79,29.00,29.01,27.98,29.50,29.72,29.82,29.99,30.17,30.32,31.15,36.68,36.95,31.69,31.76,..,31.61,31.99,33.61,32.97,32.69,33.28,33.78,34.29,34.47,35.08,36.16,35.35,..,33.97,34.83,34.58,34.93,34.54,34.21,33.73,..,..,..,35.08,34.48,..,34.55,..,..,..,..,..,..,..,..,..,..,..,..,..,..,..,..,..,..,..,..,..,..,..,..,..,..,..,..,..,..,..,..,..,..,..,..,..,..,..
"....Tawi-tawi","Green Corn (Maize, green), Yellow",..,..,..,..,..,..,..,..,..,..,..,..,..,..,..,..,..,..,..,..,..,..,..,..,..,..,..,..,..,..,..,..,..,..,..,..,..,..,..,..,..,..,..,..,..,..,..,..,..,..,..,..,..,..,..,..,..,..,..,..,..,..,..,..,..,..,..,..,..,..,..,..,..,..,..,..,..,..,..,..,..,..,..,..,..,..,..,..,..,..,..,..,..,..,..,..,..,..,..,..,..,..,..,..,..,..,..,..,..,..,..,..,..,..,..,..,..,..,..,..,..,..,..,..,..,..,..,..,..,..,..,..,..,..,..,..,..,..,..,..,..,..,..
